0.0000,1.4000,3.40,0.00
0.1579,1.4000,3.40,0.07
0.3205,1.4000,3.40,0.14
0.4881,1.4000,3.40,0.21
0.6610,1.4000,3.40,0.28
0.8395,1.4000,3.40,0.36
1.0240,1.4000,3.40,0.43
1.2149,1.4000,3.40,0.50
1.4124,1.4000,3.40,0.58
1.6169,1.4000,3.40,0.65
1.8287,1.4000,3.40,0.73
2.0483,1.4000,3.40,0.80
2.2760,1.4000,3.40,0.88
2.5123,1.4000,3.40,0.96
2.7575,1.4000,3.40,1.03
3.0120,1.4000,3.40,1.11
3.2764,1.4000,3.40,1.19
3.5511,1.4000,3.40,1.27
3.8365,1.4000,3.40,1.35
4.1333,1.4000,3.40,1.43
4.4419,1.4000,3.40,1.51
4.7630,1.4000,3.40,1.59
5.0970,1.4000,3.40,1.67
5.4446,1.4000,3.40,1.76
5.8065,1.4000,3.40,1.84
6.1834,1.4000,3.40,1.92
6.5760,1.4000,3.40,2.00
6.9849,1.4000,3.40,2.08
7.4111,1.4000,3.40,2.16
7.8554,1.4000,3.40,2.24
8.3185,1.4000,3.40,2.32
8.8016,1.4000,3.40,2.40
9.3054,1.4000,3.40,2.48
9.8311,1.4000,3.40,2.56
10.3797,1.4000,3.40,2.63
10.9524,1.4000,3.40,2.71
11.5504,1.4000,3.40,2.78
12.1748,1.4000,3.40,2.85
12.8271,1.4000,3.40,2.91
13.5087,1.4000,3.40,2.98
14.2211,1.4000,3.40,3.04
14.9657,1.4000,3.40,3.10
15.7444,1.4000,3.40,3.15
16.5588,1.4000,3.40,3.20
17.4107,1.4000,3.40,3.24
18.3022,1.4000,3.40,3.28
19.2354,1.4000,3.40,3.31
20.2123,1.4000,3.40,3.34
21.2354,1.4000,3.40,3.35
22.3071,1.4000,3.40,3.36
0.0000,1.4000,3.60,0.00
0.1766,1.4000,3.60,0.08
0.3592,1.4000,3.60,0.17
0.5480,1.4000,3.60,0.26
0.7436,1.4000,3.60,0.34
0.9464,1.4000,3.60,0.43
1.1569,1.4000,3.60,0.52
1.3754,1.4000,3.60,0.61
1.6025,1.4000,3.60,0.70
1.8387,1.4000,3.60,0.79
2.0844,1.4000,3.60,0.89
2.3401,1.4000,3.60,0.98
2.6065,1.4000,3.60,1.08
2.8840,1.4000,3.60,1.18
3.1733,1.4000,3.60,1.27
3.4750,1.4000,3.60,1.37
3.7897,1.4000,3.60,1.47
4.1182,1.4000,3.60,1.58
4.4610,1.4000,3.60,1.68
4.8191,1.4000,3.60,1.78
5.1931,1.4000,3.60,1.89
5.5840,1.4000,3.60,1.99
5.9926,1.4000,3.60,2.10
6.4198,1.4000,3.60,2.21
6.8666,1.4000,3.60,2.31
7.3341,1.4000,3.60,2.42
7.8233,1.4000,3.60,2.53
8.3354,1.4000,3.60,2.64
8.8716,1.4000,3.60,2.75
9.4332,1.4000,3.60,2.86
10.0217,1.4000,3.60,2.97
10.6383,1.4000,3.60,3.07
11.2848,1.4000,3.60,3.18
11.9626,1.4000,3.60,3.29
12.6735,1.4000,3.60,3.39
13.4194,1.4000,3.60,3.49
14.2022,1.4000,3.60,3.59
15.0239,1.4000,3.60,3.69
15.8868,1.4000,3.60,3.78
16.7931,1.4000,3.60,3.88
17.7453,1.4000,3.60,3.96
18.7461,1.4000,3.60,4.05
19.7982,1.4000,3.60,4.12
20.9046,1.4000,3.60,4.19
22.0684,1.4000,3.60,4.26
23.2931,1.4000,3.60,4.31
24.5822,1.4000,3.60,4.36
25.9395,1.4000,3.60,4.40
27.3691,1.4000,3.60,4.42
28.8753,1.4000,3.60,4.44
0.0000,1.4000,3.80,0.00
0.1952,1.4000,3.80,0.10
0.3976,1.4000,3.80,0.20
0.6078,1.4000,3.80,0.30
0.8264,1.4000,3.80,0.41
1.0539,1.4000,3.80,0.51
1.2910,1.4000,3.80,0.62
1.5381,1.4000,3.80,0.73
1.7960,1.4000,3.80,0.84
2.0652,1.4000,3.80,0.95
2.3465,1.4000,3.80,1.06
2.6405,1.4000,3.80,1.18
2.9481,1.4000,3.80,1.30
3.2699,1.4000,3.80,1.42
3.6067,1.4000,3.80,1.54
3.9595,1.4000,3.80,1.66
4.3292,1.4000,3.80,1.79
4.7166,1.4000,3.80,1.92
5.1229,1.4000,3.80,2.04
5.5490,1.4000,3.80,2.18
5.9961,1.4000,3.80,2.31
6.4654,1.4000,3.80,2.44
6.9582,1.4000,3.80,2.58
7.4759,1.4000,3.80,2.72
8.0197,1.4000,3.80,2.86
8.5914,1.4000,3.80,3.00
9.1924,1.4000,3.80,3.14
9.8245,1.4000,3.80,3.28
10.4895,1.4000,3.80,3.42
11.1893,1.4000,3.80,3.57
11.9261,1.4000,3.80,3.71
12.7019,1.4000,3.80,3.85
13.5192,1.4000,3.80,4.00
14.3804,1.4000,3.80,4.14
15.2882,1.4000,3.80,4.28
16.2454,1.4000,3.80,4.42
17.2550,1.4000,3.80,4.56
18.3204,1.4000,3.80,4.69
19.4448,1.4000,3.80,4.82
20.6321,1.4000,3.80,4.95
21.8861,1.4000,3.80,5.07
23.2112,1.4000,3.80,5.18
24.6117,1.4000,3.80,5.29
26.0926,1.4000,3.80,5.39
27.6590,1.4000,3.80,5.48
29.3166,1.4000,3.80,5.56
31.0712,1.4000,3.80,5.63
32.7594,1.4000,3.80,5.68
34.4137,1.4000,3.80,5.71
36.1693,1.4000,3.80,5.73
0.0000,1.4000,4.00,0.00
0.2134,1.4000,4.00,0.12
0.4354,1.4000,4.00,0.23
0.6669,1.4000,4.00,0.35
0.9085,1.4000,4.00,0.47
1.1609,1.4000,4.00,0.60
1.4249,1.4000,4.00,0.72
1.7012,1.4000,4.00,0.85
1.9907,1.4000,4.00,0.98
2.2941,1.4000,4.00,1.12
2.6124,1.4000,4.00,1.25
2.9465,1.4000,4.00,1.39
3.2974,1.4000,4.00,1.53
3.6660,1.4000,4.00,1.68
4.0536,1.4000,4.00,1.83
4.4612,1.4000,4.00,1.98
4.8900,1.4000,4.00,2.13
5.3414,1.4000,4.00,2.29
5.8168,1.4000,4.00,2.45
6.3175,1.4000,4.00,2.61
6.8453,1.4000,4.00,2.77
7.4016,1.4000,4.00,2.94
7.9884,1.4000,4.00,3.11
8.6075,1.4000,4.00,3.29
9.2609,1.4000,4.00,3.46
9.9507,1.4000,4.00,3.64
10.6793,1.4000,4.00,3.82
11.4491,1.4000,4.00,4.00
12.2628,1.4000,4.00,4.19
13.1231,1.4000,4.00,4.37
14.0331,1.4000,4.00,4.56
14.9959,1.4000,4.00,4.75
16.0150,1.4000,4.00,4.93
17.0942,1.4000,4.00,5.12
18.2373,1.4000,4.00,5.31
19.4487,1.4000,4.00,5.49
20.7329,1.4000,4.00,5.68
22.0949,1.4000,4.00,5.86
23.5398,1.4000,4.00,6.03
25.0734,1.4000,4.00,6.20
26.7019,1.4000,4.00,6.37
28.4317,1.4000,4.00,6.53
30.2700,1.4000,4.00,6.68
32.2244,1.4000,4.00,6.81
34.3032,1.4000,4.00,6.94
36.2440,1.4000,4.00,7.04
38.2434,1.4000,4.00,7.12
40.3752,1.4000,4.00,7.19
42.6485,1.4000,4.00,7.23
45.0733,1.4000,4.00,7.26
0.0000,1.4000,4.20,0.00
0.2311,1.4000,4.20,0.13
0.4725,1.4000,4.20,0.27
0.7249,1.4000,4.20,0.40
0.9894,1.4000,4.20,0.54
1.2668,1.4000,4.20,0.69
1.5579,1.4000,4.20,0.83
1.8639,1.4000,4.20,0.98
2.1856,1.4000,4.20,1.13
2.5242,1.4000,4.20,1.29
2.8808,1.4000,4.20,1.45
3.2566,1.4000,4.20,1.62
3.6528,1.4000,4.20,1.78
4.0707,1.4000,4.20,1.96
4.5119,1.4000,4.20,2.13
4.9778,1.4000,4.20,2.31
5.4699,1.4000,4.20,2.50
5.9902,1.4000,4.20,2.69
6.5403,1.4000,4.20,2.88
7.1222,1.4000,4.20,3.08
7.7381,1.4000,4.20,3.28
8.3902,1.4000,4.20,3.49
9.0809,1.4000,4.20,3.70
9.8128,1.4000,4.20,3.91
10.5886,1.4000,4.20,4.13
11.4114,1.4000,4.20,4.35
12.2843,1.4000,4.20,4.58
13.2107,1.4000,4.20,4.81
14.1943,1.4000,4.20,5.04
15.2391,1.4000,4.20,5.28
16.3494,1.4000,4.20,5.52
17.5297,1.4000,4.20,5.76
18.7849,1.4000,4.20,6.00
20.1205,1.4000,4.20,6.24
21.5422,1.4000,4.20,6.48
23.0562,1.4000,4.20,6.73
24.6692,1.4000,4.20,6.97
26.3885,1.4000,4.20,7.20
28.2219,1.4000,4.20,7.44
30.1779,1.4000,4.20,7.67
32.2658,1.4000,4.20,7.89
34.4954,1.4000,4.20,8.10
36.8777,1.4000,4.20,8.30
39.1634,1.4000,4.20,8.47
41.4954,1.4000,4.20,8.62
43.9930,1.4000,4.20,8.75
46.6686,1.4000,4.20,8.87
49.5358,1.4000,4.20,8.96
52.6094,1.4000,4.20,9.02
55.9054,1.4000,4.20,9.06
0.0000,1.4000,4.40,0.00
0.2484,1.4000,4.40,0.15
0.5086,1.4000,4.40,0.30
0.7818,1.4000,4.40,0.46
1.0690,1.4000,4.40,0.61
1.3713,1.4000,4.40,0.78
1.6898,1.4000,4.40,0.94
2.0257,1.4000,4.40,1.12
2.3802,1.4000,4.40,1.29
2.7548,1.4000,4.40,1.47
3.1507,1.4000,4.40,1.66
3.5696,1.4000,4.40,1.85
4.0129,1.4000,4.40,2.05
4.4825,1.4000,4.40,2.25
4.9800,1.4000,4.40,2.46
5.5075,1.4000,4.40,2.67
6.0670,1.4000,4.40,2.89
6.6608,1.4000,4.40,3.12
7.2912,1.4000,4.40,3.35
7.9609,1.4000,4.40,3.59
8.6726,1.4000,4.40,3.83
9.4292,1.4000,4.40,4.08
10.2340,1.4000,4.40,4.33
11.0903,1.4000,4.40,4.60
12.0020,1.4000,4.40,4.86
12.9731,1.4000,4.40,5.14
14.0078,1.4000,4.40,5.42
15.1107,1.4000,4.40,5.70
16.2871,1.4000,4.40,5.99
17.5423,1.4000,4.40,6.29
18.8822,1.4000,4.40,6.59
20.3132,1.4000,4.40,6.89
21.8422,1.4000,4.40,7.20
23.4769,1.4000,4.40,7.51
25.2252,1.4000,4.40,7.82
27.0961,1.4000,4.40,8.13
29.0992,1.4000,4.40,8.44
31.2450,1.4000,4.40,8.75
33.5448,1.4000,4.40,9.05
36.0111,1.4000,4.40,9.35
38.6574,1.4000,4.40,9.64
41.3662,1.4000,4.40,9.91
43.9978,1.4000,4.40,10.15
46.8284,1.4000,4.40,10.36
49.8740,1.4000,4.40,10.56
53.1520,1.4000,4.40,10.74
56.6817,1.4000,4.40,10.90
60.4842,1.4000,4.40,11.03
64.5826,1.4000,4.40,11.12
69.0023,1.4000,4.40,11.16
0.0000,1.4000,4.60,0.00
0.2651,1.4000,4.60,0.17
0.5438,1.4000,4.60,0.33
0.8374,1.4000,4.60,0.51
1.1470,1.4000,4.60,0.69
1.4741,1.4000,4.60,0.87
1.8199,1.4000,4.60,1.06
2.1860,1.4000,4.60,1.26
2.5738,1.4000,4.60,1.46
2.9850,1.4000,4.60,1.66
3.4213,1.4000,4.60,1.88
3.8845,1.4000,4.60,2.10
4.3767,1.4000,4.60,2.33
4.8999,1.4000,4.60,2.56
5.4564,1.4000,4.60,2.80
6.0487,1.4000,4.60,3.05
6.6794,1.4000,4.60,3.31
7.3514,1.4000,4.60,3.57
8.0676,1.4000,4.60,3.85
8.8314,1.4000,4.60,4.13
9.6464,1.4000,4.60,4.42
10.5164,1.4000,4.60,4.72
11.4456,1.4000,4.60,5.02
12.4384,1.4000,4.60,5.34
13.4998,1.4000,4.60,5.66
14.6351,1.4000,4.60,5.99
15.8499,1.4000,4.60,6.33
17.1505,1.4000,4.60,6.68
18.5437,1.4000,4.60,7.04
20.0369,1.4000,4.60,7.40
21.6380,1.4000,4.60,7.77
23.3557,1.4000,4.60,8.15
25.1996,1.4000,4.60,8.54
27.1800,1.4000,4.60,8.92
29.3082,1.4000,4.60,9.32
31.5966,1.4000,4.60,9.71
34.0586,1.4000,4.60,10.11
36.7091,1.4000,4.60,10.50
39.5641,1.4000,4.60,10.89
42.6414,1.4000,4.60,11.28
45.6340,1.4000,4.60,11.62
48.7441,1.4000,4.60,11.94
52.1043,1.4000,4.60,12.25
55.7360,1.4000,4.60,12.54
59.6630,1.4000,4.60,12.81
63.9116,1.4000,4.60,13.05
68.5107,1.4000,4.60,13.26
73.4922,1.4000,4.60,13.43
78.8913,1.4000,4.60,13.55
84.7472,1.4000,4.60,13.62
0.0000,1.4000,4.80,0.00
0.2813,1.4000,4.80,0.18
0.5780,1.4000,4.80,0.37
0.8916,1.4000,4.80,0.56
1.2234,1.4000,4.80,0.76
1.5751,1.4000,4.80,0.97
1.9482,1.4000,4.80,1.18
2.3446,1.4000,4.80,1.40
2.7660,1.4000,4.80,1.63
3.2143,1.4000,4.80,1.86
3.6917,1.4000,4.80,2.10
4.2005,1.4000,4.80,2.36
4.7430,1.4000,4.80,2.61
5.3218,1.4000,4.80,2.88
5.9398,1.4000,4.80,3.16
6.6000,1.4000,4.80,3.45
7.3056,1.4000,4.80,3.75
8.0601,1.4000,4.80,4.06
8.8676,1.4000,4.80,4.38
9.7320,1.4000,4.80,4.70
10.6579,1.4000,4.80,5.05
11.6501,1.4000,4.80,5.40
12.7141,1.4000,4.80,5.76
13.8556,1.4000,4.80,6.14
15.0809,1.4000,4.80,6.52
16.3968,1.4000,4.80,6.92
17.8109,1.4000,4.80,7.33
19.3312,1.4000,4.80,7.75
20.9668,1.4000,4.80,8.18
22.7273,1.4000,4.80,8.63
24.6233,1.4000,4.80,9.08
26.6666,1.4000,4.80,9.55
28.8699,1.4000,4.80,10.02
31.2472,1.4000,4.80,10.50
33.8139,1.4000,4.80,10.99
36.5868,1.4000,4.80,11.48
39.5844,1.4000,4.80,11.98
42.8273,1.4000,4.80,12.48
46.3380,1.4000,4.80,12.98
49.6759,1.4000,4.80,13.41
53.2769,1.4000,4.80,13.84
57.1843,1.4000,4.80,14.25
61.4260,1.4000,4.80,14.65
66.0332,1.4000,4.80,15.03
71.0406,1.4000,4.80,15.39
76.4866,1.4000,4.80,15.71
82.4137,1.4000,4.80,15.99
88.8693,1.4000,4.80,16.21
95.9063,1.4000,4.80,16.38
103.5831,1.4000,4.80,16.47
0.0000,1.4000,5.00,0.00
0.2970,1.4000,5.00,0.20
0.6112,1.4000,5.00,0.41
0.9443,1.4000,5.00,0.62
1.2979,1.4000,5.00,0.84
1.6740,1.4000,5.00,1.07
2.0743,1.4000,5.00,1.30
2.5010,1.4000,5.00,1.55
2.9561,1.4000,5.00,1.80
3.4421,1.4000,5.00,2.06
3.9613,1.4000,5.00,2.34
4.5166,1.4000,5.00,2.62
5.1107,1.4000,5.00,2.91
5.7469,1.4000,5.00,3.22
6.4286,1.4000,5.00,3.54
7.1595,1.4000,5.00,3.87
7.9435,1.4000,5.00,4.21
8.7850,1.4000,5.00,4.56
9.6887,1.4000,5.00,4.93
10.6599,1.4000,5.00,5.31
11.7042,1.4000,5.00,5.71
12.8275,1.4000,5.00,6.12
14.0368,1.4000,5.00,6.55
15.3392,1.4000,5.00,6.99
16.7428,1.4000,5.00,7.45
18.2563,1.4000,5.00,7.92
19.8893,1.4000,5.00,8.41
21.6523,1.4000,5.00,8.91
23.5569,1.4000,5.00,9.43
25.6156,1.4000,5.00,9.96
27.8424,1.4000,5.00,10.51
30.2527,1.4000,5.00,11.08
32.8633,1.4000,5.00,11.65
35.6928,1.4000,5.00,12.25
38.7617,1.4000,5.00,12.85
42.0928,1.4000,5.00,13.46
45.7110,1.4000,5.00,14.08
49.6214,1.4000,5.00,14.70
53.3771,1.4000,5.00,15.25
57.4670,1.4000,5.00,15.79
61.9231,1.4000,5.00,16.34
66.7811,1.4000,5.00,16.87
72.0807,1.4000,5.00,17.38
77.8661,1.4000,5.00,17.87
84.1866,1.4000,5.00,18.33
91.0974,1.4000,5.00,18.75
98.6601,1.4000,5.00,19.12
106.9436,1.4000,5.00,19.42
116.0254,1.4000,5.00,19.64
125.9922,1.4000,5.00,19.76
0.0000,1.4000,5.20,0.00
0.3121,1.4000,5.20,0.22
0.6433,1.4000,5.20,0.44
0.9955,1.4000,5.20,0.67
1.3706,1.4000,5.20,0.92
1.7707,1.4000,5.20,1.17
2.1981,1.4000,5.20,1.43
2.6550,1.4000,5.20,1.70
3.1440,1.4000,5.20,1.98
3.6679,1.4000,5.20,2.27
4.2296,1.4000,5.20,2.57
4.8322,1.4000,5.20,2.89
5.4792,1.4000,5.20,3.22
6.1745,1.4000,5.20,3.57
6.9220,1.4000,5.20,3.92
7.7262,1.4000,5.20,4.30
8.5919,1.4000,5.20,4.69
9.5245,1.4000,5.20,5.09
10.5297,1.4000,5.20,5.51
11.6138,1.4000,5.20,5.95
12.7837,1.4000,5.20,6.41
14.0471,1.4000,5.20,6.89
15.4121,1.4000,5.20,7.38
16.8879,1.4000,5.20,7.90
18.4845,1.4000,5.20,8.43
20.2129,1.4000,5.20,8.99
22.0852,1.4000,5.20,9.56
24.1147,1.4000,5.20,10.16
26.3161,1.4000,5.20,10.77
28.7056,1.4000,5.20,11.41
31.3013,1.4000,5.20,12.07
34.1228,1.4000,5.20,12.75
37.1921,1.4000,5.20,13.45
40.5337,1.4000,5.20,14.16
44.1743,1.4000,5.20,14.90
48.1442,1.4000,5.20,15.64
52.4741,1.4000,5.20,16.40
56.6475,1.4000,5.20,17.08
61.2100,1.4000,5.20,17.77
66.2009,1.4000,5.20,18.46
71.6640,1.4000,5.20,19.14
77.6484,1.4000,5.20,19.81
84.2090,1.4000,5.20,20.46
91.4077,1.4000,5.20,21.09
99.3134,1.4000,5.20,21.68
108.0040,1.4000,5.20,22.22
117.5673,1.4000,5.20,22.70
128.1019,1.4000,5.20,23.09
139.7196,1.4000,5.20,23.38
152.5462,1.4000,5.20,23.54
0.0000,1.6000,3.40,0.00
0.1496,1.6000,3.40,0.06
0.3039,1.6000,3.40,0.12
0.4631,1.6000,3.40,0.17
0.6274,1.6000,3.40,0.23
0.7971,1.6000,3.40,0.29
0.9723,1.6000,3.40,0.35
1.1533,1.6000,3.40,0.41
1.3404,1.6000,3.40,0.47
1.5338,1.6000,3.40,0.53
1.7337,1.6000,3.40,0.60
1.9404,1.6000,3.40,0.66
2.1542,1.6000,3.40,0.72
2.3754,1.6000,3.40,0.78
2.6043,1.6000,3.40,0.85
2.8412,1.6000,3.40,0.91
3.0864,1.6000,3.40,0.97
3.3403,1.6000,3.40,1.04
3.6032,1.6000,3.40,1.10
3.8755,1.6000,3.40,1.17
4.1576,1.6000,3.40,1.23
4.4499,1.6000,3.40,1.30
4.7529,1.6000,3.40,1.36
5.0669,1.6000,3.40,1.43
5.3924,1.6000,3.40,1.49
5.7299,1.6000,3.40,1.55
6.0800,1.6000,3.40,1.62
6.4431,1.6000,3.40,1.68
6.8198,1.6000,3.40,1.74
7.2106,1.6000,3.40,1.80
7.6163,1.6000,3.40,1.87
8.0374,1.6000,3.40,1.93
8.4745,1.6000,3.40,1.99
8.9284,1.6000,3.40,2.04
9.3998,1.6000,3.40,2.10
9.8895,1.6000,3.40,2.16
10.3982,1.6000,3.40,2.21
10.9269,1.6000,3.40,2.26
11.4763,1.6000,3.40,2.31
12.0474,1.6000,3.40,2.36
12.6411,1.6000,3.40,2.40
13.2586,1.6000,3.40,2.44
13.9008,1.6000,3.40,2.48
14.5688,1.6000,3.40,2.52
15.2639,1.6000,3.40,2.55
15.9873,1.6000,3.40,2.58
16.7403,1.6000,3.40,2.60
17.5241,1.6000,3.40,2.62
18.3403,1.6000,3.40,2.63
19.1905,1.6000,3.40,2.63
0.0000,1.6000,3.60,0.00
0.1700,1.6000,3.60,0.07
0.3461,1.6000,3.60,0.14
0.5285,1.6000,3.60,0.22
0.7175,1.6000,3.60,0.29
0.9133,1.6000,3.60,0.36
1.1164,1.6000,3.60,0.44
1.3271,1.6000,3.60,0.51
1.5456,1.6000,3.60,0.59
1.7725,1.6000,3.60,0.67
2.0079,1.6000,3.60,0.75
2.2524,1.6000,3.60,0.83
2.5063,1.6000,3.60,0.91
2.7700,1.6000,3.60,0.99
3.0441,1.6000,3.60,1.07
3.3290,1.6000,3.60,1.15
3.6251,1.6000,3.60,1.24
3.9330,1.6000,3.60,1.32
4.2532,1.6000,3.60,1.40
4.5863,1.6000,3.60,1.49
4.9329,1.6000,3.60,1.57
5.2936,1.6000,3.60,1.66
5.6691,1.6000,3.60,1.75
6.0600,1.6000,3.60,1.83
6.4671,1.6000,3.60,1.92
6.8911,1.6000,3.60,2.01
7.3328,1.6000,3.60,2.09
7.7931,1.6000,3.60,2.18
8.2728,1.6000,3.60,2.26
8.7729,1.6000,3.60,2.35
9.2943,1.6000,3.60,2.43
9.8381,1.6000,3.60,2.52
10.4053,1.6000,3.60,2.60
10.9971,1.6000,3.60,2.68
11.6147,1.6000,3.60,2.76
12.2594,1.6000,3.60,2.84
12.9323,1.6000,3.60,2.92
13.6351,1.6000,3.60,2.99
14.3692,1.6000,3.60,3.06
15.1360,1.6000,3.60,3.13
15.9373,1.6000,3.60,3.20
16.7749,1.6000,3.60,3.26
17.6505,1.6000,3.60,3.31
18.5661,1.6000,3.60,3.36
19.5238,1.6000,3.60,3.41
20.5257,1.6000,3.60,3.45
21.5742,1.6000,3.60,3.48
22.6716,1.6000,3.60,3.51
23.8205,1.6000,3.60,3.53
25.0238,1.6000,3.60,3.54
0.0000,1.6000,3.80,0.00
0.1907,1.6000,3.80,0.09
0.3890,1.6000,3.80,0.17
0.5951,1.6000,3.80,0.26
0.8095,1.6000,3.80,0.35
1.0325,1.6000,3.80,0.44
1.2647,1.6000,3.80,0.53
1.5065,1.6000,3.80,0.63
1.7583,1.6000,3.80,0.72
2.0207,1.6000,3.80,0.82
2.2941,1.6000,3.80,0.91
2.5792,1.6000,3.80,1.01
2.8765,1.6000,3.80,1.11
3.1865,1.6000,3.80,1.22
3.5101,1.6000,3.80,1.32
3.8477,1.6000,3.80,1.42
4.2002,1.6000,3.80,1.53
4.5682,1.6000,3.80,1.64
4.9526,1.6000,3.80,1.75
5.3542,1.6000,3.80,1.85
5.7738,1.6000,3.80,1.96
6.2124,1.6000,3.80,2.08
6.6710,1.6000,3.80,2.19
7.1505,1.6000,3.80,2.30
7.6520,1.6000,3.80,2.42
8.1767,1.6000,3.80,2.53
8.7258,1.6000,3.80,2.64
9.3005,1.6000,3.80,2.76
9.9023,1.6000,3.80,2.87
10.5324,1.6000,3.80,2.99
11.1926,1.6000,3.80,3.10
11.8842,1.6000,3.80,3.22
12.6091,1.6000,3.80,3.33
13.3689,1.6000,3.80,3.44
14.1657,1.6000,3.80,3.55
15.0014,1.6000,3.80,3.66
15.8782,1.6000,3.80,3.77
16.7982,1.6000,3.80,3.87
17.7640,1.6000,3.80,3.97
18.7780,1.6000,3.80,4.07
19.8430,1.6000,3.80,4.16
20.9619,1.6000,3.80,4.24
22.1376,1.6000,3.80,4.32
23.3735,1.6000,3.80,4.40
24.6730,1.6000,3.80,4.47
26.0398,1.6000,3.80,4.52
27.4779,1.6000,3.80,4.57
28.9913,1.6000,3.80,4.61
30.5845,1.6000,3.80,4.64
32.0602,1.6000,3.80,4.65
0.0000,1.6000,4.00,0.00
0.2113,1.6000,4.00,0.10
0.4317,1.6000,4.00,0.20
0.6617,1.6000,4.00,0.31
0.9018,1.6000,4.00,0.41
1.1525,1.6000,4.00,0.52
1.4145,1.6000,4.00,0.63
1.6884,1.6000,4.00,0.75
1.9747,1.6000,4.00,0.86
2.2742,1.6000,4.00,0.98
2.5876,1.6000,4.00,1.10
2.9156,1.6000,4.00,1.22
3.2589,1.6000,4.00,1.34
3.6185,1.6000,4.00,1.47
3.9952,1.6000,4.00,1.59
4.3899,1.6000,4.00,1.72
4.8037,1.6000,4.00,1.85
5.2375,1.6000,4.00,1.99
5.6924,1.6000,4.00,2.12
6.1697,1.6000,4.00,2.26
6.6705,1.6000,4.00,2.40
7.1962,1.6000,4.00,2.54
7.7481,1.6000,4.00,2.69
8.3278,1.6000,4.00,2.83
8.9367,1.6000,4.00,2.98
9.5765,1.6000,4.00,3.13
10.2491,1.6000,4.00,3.27
10.9562,1.6000,4.00,3.42
11.6999,1.6000,4.00,3.57
12.4822,1.6000,4.00,3.73
13.3054,1.6000,4.00,3.88
14.1720,1.6000,4.00,4.03
15.0844,1.6000,4.00,4.18
16.0454,1.6000,4.00,4.33
17.0579,1.6000,4.00,4.47
18.1249,1.6000,4.00,4.62
19.2498,1.6000,4.00,4.76
20.4360,1.6000,4.00,4.90
21.6874,1.6000,4.00,5.04
23.0078,1.6000,4.00,5.17
24.4017,1.6000,4.00,5.30
25.8736,1.6000,4.00,5.42
27.4283,1.6000,4.00,5.53
29.0711,1.6000,4.00,5.64
30.8077,1.6000,4.00,5.73
32.6441,1.6000,4.00,5.82
34.5037,1.6000,4.00,5.88
36.1922,1.6000,4.00,5.93
37.9830,1.6000,4.00,5.96
39.8824,1.6000,4.00,5.98
0.0000,1.6000,4.20,0.00
0.2315,1.6000,4.20,0.12
0.4739,1.6000,4.20,0.24
0.7276,1.6000,4.20,0.36
0.9935,1.6000,4.20,0.48
1.2723,1.6000,4.20,0.61
1.5646,1.6000,4.20,0.74
1.8712,1.6000,4.20,0.87
2.1931,1.6000,4.20,1.01
2.5310,1.6000,4.20,1.15
2.8858,1.6000,4.20,1.29
3.2587,1.6000,4.20,1.44
3.6506,1.6000,4.20,1.58
4.0625,1.6000,4.20,1.74
4.4958,1.6000,4.20,1.89
4.9516,1.6000,4.20,2.05
5.4313,1.6000,4.20,2.21
5.9362,1.6000,4.20,2.37
6.4679,1.6000,4.20,2.54
7.0280,1.6000,4.20,2.71
7.6181,1.6000,4.20,2.88
8.2401,1.6000,4.20,3.06
8.8958,1.6000,4.20,3.24
9.5874,1.6000,4.20,3.42
10.3170,1.6000,4.20,3.61
11.0870,1.6000,4.20,3.79
11.8999,1.6000,4.20,3.98
12.7582,1.6000,4.20,4.17
13.6650,1.6000,4.20,4.37
14.6231,1.6000,4.20,4.56
15.6359,1.6000,4.20,4.75
16.7068,1.6000,4.20,4.95
17.8396,1.6000,4.20,5.15
19.0383,1.6000,4.20,5.34
20.3071,1.6000,4.20,5.54
21.6507,1.6000,4.20,5.73
23.0740,1.6000,4.20,5.92
24.5821,1.6000,4.20,6.11
26.1810,1.6000,4.20,6.29
27.8765,1.6000,4.20,6.47
29.6754,1.6000,4.20,6.64
31.5846,1.6000,4.20,6.81
33.6118,1.6000,4.20,6.96
35.7651,1.6000,4.20,7.11
37.8884,1.6000,4.20,7.23
39.9089,1.6000,4.20,7.32
42.0613,1.6000,4.20,7.40
44.3542,1.6000,4.20,7.47
46.7974,1.6000,4.20,7.52
49.4012,1.6000,4.20,7.54
0.0000,1.6000,4.40,0.00
0.2513,1.6000,4.40,0.13
0.5153,1.6000,4.40,0.27
0.7928,1.6000,4.40,0.41
1.0845,1.6000,4.40,0.55
1.3913,1.6000,4.40,0.70
1.7143,1.6000,4.40,0.85
2.0543,1.6000,4.40,1.01
2.4124,1.6000,4.40,1.17
2.7898,1.6000,4.40,1.33
3.1877,1.6000,4.40,1.50
3.6072,1.6000,4.40,1.67
4.0498,1.6000,4.40,1.84
4.5169,1.6000,4.40,2.02
5.0099,1.6000,4.40,2.21
5.5307,1.6000,4.40,2.40
6.0808,1.6000,4.40,2.59
6.6621,1.6000,4.40,2.79
7.2767,1.6000,4.40,2.99
7.9267,1.6000,4.40,3.20
8.6143,1.6000,4.40,3.41
9.3419,1.6000,4.40,3.62
10.1122,1.6000,4.40,3.85
10.9280,1.6000,4.40,4.07
11.7922,1.6000,4.40,4.30
12.7080,1.6000,4.40,4.53
13.6789,1.6000,4.40,4.77
14.7086,1.6000,4.40,5.01
15.8011,1.6000,4.40,5.25
16.9605,1.6000,4.40,5.50
18.1916,1.6000,4.40,5.74
19.4992,1.6000,4.40,5.99
20.8886,1.6000,4.40,6.25
22.3655,1.6000,4.40,6.50
23.9362,1.6000,4.40,6.75
25.6072,1.6000,4.40,7.00
27.3858,1.6000,4.40,7.25
29.2796,1.6000,4.40,7.50
31.2971,1.6000,4.40,7.74
33.4472,1.6000,4.40,7.97
35.7398,1.6000,4.40,8.20
38.1855,1.6000,4.40,8.42
40.6796,1.6000,4.40,8.62
43.0157,1.6000,4.40,8.78
45.5147,1.6000,4.40,8.93
48.1884,1.6000,4.40,9.07
51.0497,1.6000,4.40,9.18
54.1125,1.6000,4.40,9.27
57.3920,1.6000,4.40,9.34
60.9049,1.6000,4.40,9.37
0.0000,1.6000,4.60,0.00
0.2707,1.6000,4.60,0.15
0.5560,1.6000,4.60,0.30
0.8568,1.6000,4.60,0.46
1.1742,1.6000,4.60,0.63
1.5092,1.6000,4.60,0.80
1.8630,1.6000,4.60,0.97
2.2368,1.6000,4.60,1.15
2.6319,1.6000,4.60,1.33
3.0498,1.6000,4.60,1.52
3.4918,1.6000,4.60,1.71
3.9597,1.6000,4.60,1.91
4.4550,1.6000,4.60,2.12
4.9797,1.6000,4.60,2.33
5.5357,1.6000,4.60,2.55
6.1250,1.6000,4.60,2.77
6.7500,1.6000,4.60,3.00
7.4129,1.6000,4.60,3.23
8.1164,1.6000,4.60,3.47
8.8633,1.6000,4.60,3.72
9.6566,1.6000,4.60,3.98
10.4993,1.6000,4.60,4.24
11.3951,1.6000,4.60,4.50
12.3475,1.6000,4.60,4.78
13.3606,1.6000,4.60,5.06
14.4386,1.6000,4.60,5.34
15.5863,1.6000,4.60,5.63
16.8086,1.6000,4.60,5.93
18.1109,1.6000,4.60,6.23
19.4990,1.6000,4.60,6.54
20.9793,1.6000,4.60,6.85
22.5585,1.6000,4.60,7.16
24.2441,1.6000,4.60,7.48
26.0440,1.6000,4.60,7.80
27.9669,1.6000,4.60,8.12
30.0222,1.6000,4.60,8.44
32.2201,1.6000,4.60,8.76
34.5717,1.6000,4.60,9.08
37.0889,1.6000,4.60,9.39
39.7850,1.6000,4.60,9.70
42.6740,1.6000,4.60,10.00
45.3575,1.6000,4.60,10.25
48.1675,1.6000,4.60,10.48
51.1864,1.6000,4.60,10.70
54.4304,1.6000,4.60,10.90
57.9176,1.6000,4.60,11.09
61.6674,1.6000,4.60,11.24
65.7014,1.6000,4.60,11.37
70.0431,1.6000,4.60,11.46
74.7182,1.6000,4.60,11.50
0.0000,1.6000,4.80,0.00
0.2896,1.6000,4.80,0.17
0.5958,1.6000,4.80,0.34
0.9197,1.6000,4.80,0.52
1.2625,1.6000,4.80,0.70
1.6256,1.6000,4.80,0.89
2.0104,1.6000,4.80,1.09
2.4182,1.6000,4.80,1.29
2.8509,1.6000,4.80,1.50
3.3099,1.6000,4.80,1.72
3.7973,1.6000,4.80,1.94
4.3149,1.6000,4.80,2.17
4.8649,1.6000,4.80,2.40
5.4495,1.6000,4.80,2.65
6.0712,1.6000,4.80,2.90
6.7326,1.6000,4.80,3.16
7.4366,1.6000,4.80,3.43
8.1861,1.6000,4.80,3.71
8.9845,1.6000,4.80,3.99
9.8353,1.6000,4.80,4.28
10.7423,1.6000,4.80,4.59
11.7097,1.6000,4.80,4.90
12.7419,1.6000,4.80,5.22
13.8438,1.6000,4.80,5.54
15.0205,1.6000,4.80,5.88
16.2777,1.6000,4.80,6.22
17.6215,1.6000,4.80,6.58
19.0586,1.6000,4.80,6.94
20.5962,1.6000,4.80,7.31
22.2420,1.6000,4.80,7.68
24.0047,1.6000,4.80,8.07
25.8934,1.6000,4.80,8.46
27.9181,1.6000,4.80,8.85
30.0898,1.6000,4.80,9.25
32.4205,1.6000,4.80,9.66
34.9231,1.6000,4.80,10.06
37.6118,1.6000,4.80,10.47
40.5021,1.6000,4.80,10.87
43.6109,1.6000,4.80,11.27
46.8344,1.6000,4.80,11.66
49.9012,1.6000,4.80,11.99
53.2089,1.6000,4.80,12.31
56.7773,1.6000,4.80,12.61
60.6285,1.6000,4.80,12.90
64.7864,1.6000,4.80,13.17
69.2776,1.6000,4.80,13.41
74.1313,1.6000,4.80,13.62
79.3797,1.6000,4.80,13.79
85.0583,1.6000,4.80,13.91
91.2061,1.6000,4.80,13.97
0.0000,1.6000,5.00,0.00
0.3080,1.6000,5.00,0.19
0.6346,1.6000,5.00,0.38
0.9812,1.6000,5.00,0.58
1.3492,1.6000,5.00,0.78
1.7403,1.6000,5.00,0.99
2.1560,1.6000,5.00,1.21
2.5981,1.6000,5.00,1.44
3.0686,1.6000,5.00,1.68
3.5696,1.6000,5.00,1.92
4.1032,1.6000,5.00,2.17
4.6719,1.6000,5.00,2.43
5.2782,1.6000,5.00,2.70
5.9249,1.6000,5.00,2.98
6.6151,1.6000,5.00,3.27
7.3519,1.6000,5.00,3.57
8.1389,1.6000,5.00,3.89
8.9798,1.6000,5.00,4.21
9.8789,1.6000,5.00,4.54
10.8405,1.6000,5.00,4.88
11.8694,1.6000,5.00,5.24
12.9710,1.6000,5.00,5.60
14.1508,1.6000,5.00,5.98
15.4150,1.6000,5.00,6.37
16.7704,1.6000,5.00,6.77
18.2242,1.6000,5.00,7.18
19.7844,1.6000,5.00,7.60
21.4596,1.6000,5.00,8.04
23.2593,1.6000,5.00,8.49
25.1937,1.6000,5.00,8.94
27.2741,1.6000,5.00,9.41
29.5128,1.6000,5.00,9.89
31.9231,1.6000,5.00,10.37
34.5198,1.6000,5.00,10.87
37.3191,1.6000,5.00,11.37
40.3384,1.6000,5.00,11.87
43.5973,1.6000,5.00,12.38
47.1169,1.6000,5.00,12.89
50.6702,1.6000,5.00,13.36
54.1946,1.6000,5.00,13.79
58.0110,1.6000,5.00,14.22
62.1451,1.6000,5.00,14.63
66.6254,1.6000,5.00,15.03
71.4832,1.6000,5.00,15.40
76.7534,1.6000,5.00,15.75
82.4743,1.6000,5.00,16.07
88.6886,1.6000,5.00,16.35
95.4436,1.6000,5.00,16.57
102.7918,1.6000,5.00,16.73
110.7913,1.6000,5.00,16.82
0.0000,1.6000,5.20,0.00
0.3258,1.6000,5.20,0.20
0.6724,1.6000,5.20,0.41
1.0413,1.6000,5.20,0.63
1.4342,1.6000,5.20,0.86
1.8530,1.6000,5.20,1.09
2.2996,1.6000,5.20,1.34
2.7761,1.6000,5.20,1.59
3.2848,1.6000,5.20,1.86
3.8282,1.6000,5.20,2.13
4.4089,1.6000,5.20,2.41
5.0298,1.6000,5.20,2.71
5.6939,1.6000,5.20,3.01
6.4048,1.6000,5.20,3.33
7.1659,1.6000,5.20,3.66
7.9813,1.6000,5.20,4.01
8.8552,1.6000,5.20,4.36
9.7923,1.6000,5.20,4.73
10.7977,1.6000,5.20,5.11
11.8769,1.6000,5.20,5.51
13.0358,1.6000,5.20,5.92
14.2810,1.6000,5.20,6.35
15.6196,1.6000,5.20,6.79
17.0594,1.6000,5.20,7.25
18.6089,1.6000,5.20,7.72
20.2773,1.6000,5.20,8.21
22.0747,1.6000,5.20,8.71
24.0123,1.6000,5.20,9.23
26.1022,1.6000,5.20,9.76
28.3577,1.6000,5.20,10.31
30.7935,1.6000,5.20,10.88
33.4255,1.6000,5.20,11.45
36.2715,1.6000,5.20,12.05
39.3509,1.6000,5.20,12.65
42.6850,1.6000,5.20,13.26
46.2974,1.6000,5.20,13.88
50.2141,1.6000,5.20,14.51
54.1545,1.6000,5.20,15.10
58.1307,1.6000,5.20,15.65
62.4530,1.6000,5.20,16.19
67.1537,1.6000,5.20,16.73
72.2685,1.6000,5.20,17.25
77.8373,1.6000,5.20,17.76
83.9042,1.6000,5.20,18.25
90.5183,1.6000,5.20,18.70
97.7345,1.6000,5.20,19.11
105.6138,1.6000,5.20,19.47
114.2245,1.6000,5.20,19.76
123.6428,1.6000,5.20,19.98
133.9540,1.6000,5.20,20.09
0.0000,1.8000,3.40,0.00
0.1410,1.8000,3.40,0.05
0.2860,1.8000,3.40,0.09
0.4353,1.8000,3.40,0.14
0.5890,1.8000,3.40,0.19
0.7472,1.8000,3.40,0.23
0.9101,1.8000,3.40,0.28
1.0778,1.8000,3.40,0.33
1.2506,1.8000,3.40,0.38
1.4285,1.8000,3.40,0.42
1.6119,1.8000,3.40,0.47
1.8007,1.8000,3.40,0.52
1.9954,1.8000,3.40,0.57
2.1960,1.8000,3.40,0.62
2.4028,1.8000,3.40,0.67
2.6159,1.8000,3.40,0.72
2.8357,1.8000,3.40,0.77
3.0623,1.8000,3.40,0.81
3.2960,1.8000,3.40,0.86
3.5370,1.8000,3.40,0.91
3.7857,1.8000,3.40,0.96
4.0422,1.8000,3.40,1.01
4.3068,1.8000,3.40,1.06
4.5799,1.8000,3.40,1.11
4.8618,1.8000,3.40,1.15
5.1527,1.8000,3.40,1.20
5.4530,1.8000,3.40,1.25
5.7631,1.8000,3.40,1.29
6.0832,1.8000,3.40,1.34
6.4139,1.8000,3.40,1.38
6.7554,1.8000,3.40,1.43
7.1081,1.8000,3.40,1.47
7.4725,1.8000,3.40,1.51
7.8490,1.8000,3.40,1.56
8.2381,1.8000,3.40,1.60
8.6402,1.8000,3.40,1.63
9.0559,1.8000,3.40,1.67
9.4856,1.8000,3.40,1.71
9.9299,1.8000,3.40,1.74
10.3892,1.8000,3.40,1.78
10.8643,1.8000,3.40,1.81
11.3558,1.8000,3.40,1.83
11.8641,1.8000,3.40,1.86
12.3901,1.8000,3.40,1.88
12.9343,1.8000,3.40,1.91
13.4976,1.8000,3.40,1.92
14.0806,1.8000,3.40,1.94
14.6842,1.8000,3.40,1.95
15.3091,1.8000,3.40,1.96
15.9562,1.8000,3.40,1.96
0.0000,1.8000,3.60,0.00
0.1632,1.8000,3.60,0.06
0.3317,1.8000,3.60,0.12
0.5058,1.8000,3.60,0.18
0.6856,1.8000,3.60,0.24
0.8715,1.8000,3.60,0.30
1.0637,1.8000,3.60,0.36
1.2623,1.8000,3.60,0.42
1.4676,1.8000,3.60,0.48
1.6800,1.8000,3.60,0.55
1.8997,1.8000,3.60,0.61
2.1269,1.8000,3.60,0.67
2.3620,1.8000,3.60,0.74
2.6052,1.8000,3.60,0.80
2.8569,1.8000,3.60,0.87
3.1175,1.8000,3.60,0.93
3.3873,1.8000,3.60,1.00
3.6666,1.8000,3.60,1.06
3.9558,1.8000,3.60,1.13
4.2554,1.8000,3.60,1.20
4.5657,1.8000,3.60,1.26
4.8872,1.8000,3.60,1.33
5.2203,1.8000,3.60,1.39
5.5655,1.8000,3.60,1.46
5.9233,1.8000,3.60,1.53
6.2943,1.8000,3.60,1.59
6.6789,1.8000,3.60,1.66
7.0777,1.8000,3.60,1.72
7.4913,1.8000,3.60,1.79
7.9204,1.8000,3.60,1.85
8.3655,1.8000,3.60,1.91
8.8274,1.8000,3.60,1.97
9.3068,1.8000,3.60,2.04
9.8043,1.8000,3.60,2.09
10.3209,1.8000,3.60,2.15
10.8572,1.8000,3.60,2.21
11.4141,1.8000,3.60,2.26
11.9926,1.8000,3.60,2.32
12.5936,1.8000,3.60,2.37
13.2180,1.8000,3.60,2.42
13.8668,1.8000,3.60,2.46
14.5412,1.8000,3.60,2.50
15.2423,1.8000,3.60,2.54
15.9713,1.8000,3.60,2.58
16.7293,1.8000,3.60,2.61
17.5178,1.8000,3.60,2.64
18.3381,1.8000,3.60,2.66
19.1916,1.8000,3.60,2.68
20.0798,1.8000,3.60,2.69
21.0044,1.8000,3.60,2.70
0.0000,1.8000,3.80,0.00
0.1858,1.8000,3.80,0.07
0.3785,1.8000,3.80,0.14
0.5783,1.8000,3.80,0.22
0.7855,1.8000,3.80,0.29
1.0004,1.8000,3.80,0.37
1.2234,1.8000,3.80,0.45
1.4548,1.8000,3.80,0.52
1.6949,1.8000,3.80,0.60
1.9443,1.8000,3.80,0.68
2.2031,1.8000,3.80,0.76
2.4720,1.8000,3.80,0.84
2.7512,1.8000,3.80,0.93
3.0413,1.8000,3.80,1.01
3.3427,1.8000,3.80,1.09
3.6559,1.8000,3.80,1.18
3.9815,1.8000,3.80,1.26
4.3200,1.8000,3.80,1.35
4.6720,1.8000,3.80,1.44
5.0381,1.8000,3.80,1.52
5.4188,1.8000,3.80,1.61
5.8149,1.8000,3.80,1.70
6.2271,1.8000,3.80,1.79
6.6561,1.8000,3.80,1.88
7.1026,1.8000,3.80,1.96
7.5675,1.8000,3.80,2.05
8.0516,1.8000,3.80,2.14
8.5558,1.8000,3.80,2.23
9.0810,1.8000,3.80,2.32
9.6282,1.8000,3.80,2.40
10.1985,1.8000,3.80,2.49
10.7929,1.8000,3.80,2.58
11.4126,1.8000,3.80,2.66
12.0587,1.8000,3.80,2.74
12.7326,1.8000,3.80,2.83
13.4356,1.8000,3.80,2.91
14.1690,1.8000,3.80,2.98
14.9343,1.8000,3.80,3.06
15.7332,1.8000,3.80,3.13
16.5673,1.8000,3.80,3.20
17.4382,1.8000,3.80,3.27
18.3479,1.8000,3.80,3.33
19.2982,1.8000,3.80,3.39
20.2912,1.8000,3.80,3.44
21.3290,1.8000,3.80,3.49
22.4140,1.8000,3.80,3.53
23.5485,1.8000,3.80,3.56
24.7351,1.8000,3.80,3.59
25.9764,1.8000,3.80,3.61
27.2753,1.8000,3.80,3.62
0.0000,1.8000,4.00,0.00
0.2089,1.8000,4.00,0.09
0.4262,1.8000,4.00,0.17
0.6524,1.8000,4.00,0.26
0.8878,1.8000,4.00,0.36
1.1329,1.8000,4.00,0.45
1.3881,1.8000,4.00,0.54
1.6540,1.8000,4.00,0.64
1.9310,1.8000,4.00,0.73
2.2196,1.8000,4.00,0.83
2.5204,1.8000,4.00,0.93
2.8340,1.8000,4.00,1.03
3.1610,1.8000,4.00,1.14
3.5020,1.8000,4.00,1.24
3.8578,1.8000,4.00,1.35
4.2290,1.8000,4.00,1.45
4.6163,1.8000,4.00,1.56
5.0206,1.8000,4.00,1.67
5.4427,1.8000,4.00,1.78
5.8834,1.8000,4.00,1.90
6.3437,1.8000,4.00,2.01
6.8246,1.8000,4.00,2.12
7.3271,1.8000,4.00,2.24
7.8522,1.8000,4.00,2.35
8.4011,1.8000,4.00,2.47
8.9750,1.8000,4.00,2.59
9.5752,1.8000,4.00,2.70
10.2031,1.8000,4.00,2.82
10.8599,1.8000,4.00,2.94
11.5473,1.8000,4.00,3.05
12.2668,1.8000,4.00,3.17
13.0201,1.8000,4.00,3.29
13.8089,1.8000,4.00,3.40
14.6352,1.8000,4.00,3.51
15.5009,1.8000,4.00,3.63
16.4082,1.8000,4.00,3.74
17.3592,1.8000,4.00,3.84
18.3563,1.8000,4.00,3.95
19.4021,1.8000,4.00,4.05
20.4991,1.8000,4.00,4.15
21.6502,1.8000,4.00,4.24
22.8583,1.8000,4.00,4.33
24.1268,1.8000,4.00,4.41
25.4588,1.8000,4.00,4.48
26.8581,1.8000,4.00,4.55
28.3284,1.8000,4.00,4.61
29.8737,1.8000,4.00,4.66
31.4984,1.8000,4.00,4.70
33.2036,1.8000,4.00,4.73
34.6334,1.8000,4.00,4.74
0.0000,1.8000,4.20,0.00
0.2318,1.8000,4.20,0.10
0.4738,1.8000,4.20,0.21
0.7265,1.8000,4.20,0.31
0.9906,1.8000,4.20,0.42
1.2664,1.8000,4.20,0.53
1.5547,1.8000,4.20,0.65
1.8562,1.8000,4.20,0.76
2.1713,1.8000,4.20,0.88
2.5010,1.8000,4.20,1.00
2.8458,1.8000,4.20,1.12
3.2067,1.8000,4.20,1.24
3.5844,1.8000,4.20,1.37
3.9797,1.8000,4.20,1.50
4.3938,1.8000,4.20,1.63
4.8274,1.8000,4.20,1.76
5.2817,1.8000,4.20,1.89
5.7577,1.8000,4.20,2.03
6.2567,1.8000,4.20,2.17
6.7798,1.8000,4.20,2.31
7.3283,1.8000,4.20,2.45
7.9036,1.8000,4.20,2.60
8.5072,1.8000,4.20,2.74
9.1406,1.8000,4.20,2.89
9.8055,1.8000,4.20,3.04
10.5035,1.8000,4.20,3.19
11.2366,1.8000,4.20,3.34
12.0067,1.8000,4.20,3.49
12.8159,1.8000,4.20,3.65
13.6663,1.8000,4.20,3.80
14.5604,1.8000,4.20,3.95
15.5006,1.8000,4.20,4.11
16.4896,1.8000,4.20,4.26
17.5301,1.8000,4.20,4.41
18.6253,1.8000,4.20,4.56
19.7783,1.8000,4.20,4.71
20.9926,1.8000,4.20,4.85
22.2716,1.8000,4.20,4.99
23.6195,1.8000,4.20,5.13
25.0401,1.8000,4.20,5.26
26.5381,1.8000,4.20,5.39
28.1180,1.8000,4.20,5.51
29.7850,1.8000,4.20,5.62
31.5443,1.8000,4.20,5.73
33.4018,1.8000,4.20,5.82
35.3636,1.8000,4.20,5.91
37.1987,1.8000,4.20,5.97
38.9671,1.8000,4.20,6.01
40.8408,1.8000,4.20,6.05
42.8262,1.8000,4.20,6.06
0.0000,1.8000,4.40,0.00
0.2544,1.8000,4.40,0.12
0.5210,1.8000,4.40,0.24
0.8003,1.8000,4.40,0.36
1.0932,1.8000,4.40,0.49
1.4002,1.8000,4.40,0.62
1.7222,1.8000,4.40,0.75
2.0600,1.8000,4.40,0.89
2.4145,1.8000,4.40,1.03
2.7866,1.8000,4.40,1.17
3.1773,1.8000,4.40,1.32
3.5877,1.8000,4.40,1.47
4.0187,1.8000,4.40,1.62
4.4716,1.8000,4.40,1.77
4.9476,1.8000,4.40,1.93
5.4481,1.8000,4.40,2.09
5.9744,1.8000,4.40,2.26
6.5280,1.8000,4.40,2.42
7.1105,1.8000,4.40,2.59
7.7235,1.8000,4.40,2.77
8.3688,1.8000,4.40,2.94
9.0484,1.8000,4.40,3.12
9.7642,1.8000,4.40,3.30
10.5184,1.8000,4.40,3.49
11.3133,1.8000,4.40,3.68
12.1512,1.8000,4.40,3.87
13.0349,1.8000,4.40,4.06
13.9671,1.8000,4.40,4.25
14.9507,1.8000,4.40,4.45
15.9888,1.8000,4.40,4.64
17.0850,1.8000,4.40,4.84
18.2427,1.8000,4.40,5.04
19.4659,1.8000,4.40,5.24
20.7586,1.8000,4.40,5.43
22.1253,1.8000,4.40,5.63
23.5707,1.8000,4.40,5.82
25.0998,1.8000,4.40,6.01
26.7182,1.8000,4.40,6.20
28.4315,1.8000,4.40,6.39
30.2461,1.8000,4.40,6.56
32.1686,1.8000,4.40,6.74
34.2063,1.8000,4.40,6.90
36.3668,1.8000,4.40,7.05
38.6585,1.8000,4.40,7.20
40.7556,1.8000,4.40,7.31
42.8641,1.8000,4.40,7.40
45.1074,1.8000,4.40,7.48
47.4944,1.8000,4.40,7.55
50.0345,1.8000,4.40,7.59
52.7379,1.8000,4.40,7.62
0.0000,1.8000,4.60,0.00
0.2767,1.8000,4.60,0.14
0.5676,1.8000,4.60,0.27
0.8734,1.8000,4.60,0.42
1.1951,1.8000,4.60,0.56
1.5335,1.8000,4.60,0.71
1.8896,1.8000,4.60,0.87
2.2646,1.8000,4.60,1.03
2.6594,1.8000,4.60,1.19
3.0752,1.8000,4.60,1.36
3.5134,1.8000,4.60,1.53
3.9752,1.8000,4.60,1.70
4.4620,1.8000,4.60,1.88
4.9754,1.8000,4.60,2.07
5.5170,1.8000,4.60,2.25
6.0884,1.8000,4.60,2.45
6.6916,1.8000,4.60,2.64
7.3284,1.8000,4.60,2.85
8.0010,1.8000,4.60,3.05
8.7115,1.8000,4.60,3.26
9.4624,1.8000,4.60,3.48
10.2561,1.8000,4.60,3.70
11.0954,1.8000,4.60,3.92
11.9832,1.8000,4.60,4.15
12.9227,1.8000,4.60,4.38
13.9170,1.8000,4.60,4.61
14.9699,1.8000,4.60,4.85
16.0850,1.8000,4.60,5.10
17.2666,1.8000,4.60,5.34
18.5191,1.8000,4.60,5.59
19.8470,1.8000,4.60,5.84
21.2556,1.8000,4.60,6.09
22.7503,1.8000,4.60,6.34
24.3369,1.8000,4.60,6.60
26.0218,1.8000,4.60,6.85
27.8117,1.8000,4.60,7.10
29.7140,1.8000,4.60,7.35
31.7365,1.8000,4.60,7.59
33.8878,1.8000,4.60,7.83
36.1770,1.8000,4.60,8.07
38.6141,1.8000,4.60,8.30
41.2097,1.8000,4.60,8.51
43.6905,1.8000,4.60,8.70
46.1213,1.8000,4.60,8.86
48.7181,1.8000,4.60,9.00
51.4924,1.8000,4.60,9.13
54.4569,1.8000,4.60,9.24
57.6253,1.8000,4.60,9.33
61.0125,1.8000,4.60,9.39
64.6346,1.8000,4.60,9.43
0.0000,1.8000,4.80,0.00
0.2986,1.8000,4.80,0.15
0.6135,1.8000,4.80,0.31
0.9456,1.8000,4.80,0.47
1.2961,1.8000,4.80,0.64
1.6660,1.8000,4.80,0.81
2.0566,1.8000,4.80,0.99
2.4692,1.8000,4.80,1.17
2.9051,1.8000,4.80,1.36
3.3658,1.8000,4.80,1.55
3.8528,1.8000,4.80,1.75
4.3679,1.8000,4.80,1.95
4.9129,1.8000,4.80,2.16
5.4896,1.8000,4.80,2.38
6.1000,1.8000,4.80,2.60
6.7465,1.8000,4.80,2.83
7.4313,1.8000,4.80,3.06
8.1569,1.8000,4.80,3.30
8.9261,1.8000,4.80,3.55
9.7417,1.8000,4.80,3.80
10.6068,1.8000,4.80,4.06
11.5247,1.8000,4.80,4.32
12.4991,1.8000,4.80,4.59
13.5338,1.8000,4.80,4.87
14.6328,1.8000,4.80,5.15
15.8008,1.8000,4.80,5.44
17.0423,1.8000,4.80,5.73
18.3627,1.8000,4.80,6.03
19.7674,1.8000,4.80,6.33
21.2624,1.8000,4.80,6.64
22.8543,1.8000,4.80,6.95
24.5499,1.8000,4.80,7.26
26.3569,1.8000,4.80,7.58
28.2833,1.8000,4.80,7.90
30.3381,1.8000,4.80,8.22
32.5306,1.8000,4.80,8.54
34.8714,1.8000,4.80,8.86
37.3715,1.8000,4.80,9.18
40.0431,1.8000,4.80,9.49
42.8994,1.8000,4.80,9.79
45.8743,1.8000,4.80,10.08
48.5915,1.8000,4.80,10.32
51.5055,1.8000,4.80,10.54
54.6311,1.8000,4.80,10.76
57.9842,1.8000,4.80,10.95
61.5824,1.8000,4.80,11.12
65.4447,1.8000,4.80,11.27
69.5920,1.8000,4.80,11.39
74.0470,1.8000,4.80,11.48
78.8348,1.8000,4.80,11.53
0.0000,1.8000,5.00,0.00
0.3200,1.8000,5.00,0.17
0.6585,1.8000,5.00,0.35
1.0166,1.8000,5.00,0.53
1.3957,1.8000,5.00,0.72
1.7972,1.8000,5.00,0.91
2.2224,1.8000,5.00,1.11
2.6730,1.8000,5.00,1.32
3.1506,1.8000,5.00,1.53
3.6571,1.8000,5.00,1.75
4.1943,1.8000,5.00,1.98
4.7644,1.8000,5.00,2.21
5.3695,1.8000,5.00,2.46
6.0120,1.8000,5.00,2.71
6.6946,1.8000,5.00,2.96
7.4198,1.8000,5.00,3.23
8.1908,1.8000,5.00,3.50
9.0106,1.8000,5.00,3.78
9.8827,1.8000,5.00,4.07
10.8108,1.8000,5.00,4.37
11.7988,1.8000,5.00,4.67
12.8510,1.8000,5.00,4.99
13.9721,1.8000,5.00,5.31
15.1670,1.8000,5.00,5.64
16.4412,1.8000,5.00,5.98
17.8003,1.8000,5.00,6.33
19.2509,1.8000,5.00,6.68
20.7995,1.8000,5.00,7.05
22.4537,1.8000,5.00,7.42
24.2215,1.8000,5.00,7.79
26.1114,1.8000,5.00,8.18
28.1329,1.8000,5.00,8.57
30.2962,1.8000,5.00,8.96
32.6125,1.8000,5.00,9.36
35.0937,1.8000,5.00,9.76
37.7530,1.8000,5.00,10.16
40.6047,1.8000,5.00,10.56
43.6644,1.8000,5.00,10.96
46.9491,1.8000,5.00,11.36
50.1696,1.8000,5.00,11.72
53.3463,1.8000,5.00,12.04
56.7665,1.8000,5.00,12.34
60.4496,1.8000,5.00,12.64
64.4169,1.8000,5.00,12.92
68.6918,1.8000,5.00,13.18
73.3000,1.8000,5.00,13.41
78.2698,1.8000,5.00,13.61
83.6322,1.8000,5.00,13.77
89.4213,1.8000,5.00,13.88
95.6746,1.8000,5.00,13.94
0.0000,1.8000,5.20,0.00
0.3409,1.8000,5.20,0.19
0.7026,1.8000,5.20,0.38
1.0864,1.8000,5.20,0.59
1.4940,1.8000,5.20,0.80
1.9269,1.8000,5.20,1.01
2.3868,1.8000,5.20,1.24
2.8758,1.8000,5.20,1.47
3.3957,1.8000,5.20,1.71
3.9487,1.8000,5.20,1.96
4.5372,1.8000,5.20,2.22
5.1638,1.8000,5.20,2.49
5.8310,1.8000,5.20,2.76
6.5418,1.8000,5.20,3.05
7.2994,1.8000,5.20,3.34
8.1071,1.8000,5.20,3.65
8.9686,1.8000,5.20,3.97
9.8879,1.8000,5.20,4.29
10.8693,1.8000,5.20,4.63
11.9172,1.8000,5.20,4.98
13.0369,1.8000,5.20,5.33
14.2335,1.8000,5.20,5.70
15.5132,1.8000,5.20,6.09
16.8821,1.8000,5.20,6.48
18.3472,1.8000,5.20,6.88
19.9160,1.8000,5.20,7.29
21.5966,1.8000,5.20,7.72
23.3979,1.8000,5.20,8.16
25.3295,1.8000,5.20,8.60
27.4019,1.8000,5.20,9.06
29.6264,1.8000,5.20,9.53
32.0156,1.8000,5.20,10.00
34.5830,1.8000,5.20,10.48
37.3435,1.8000,5.20,10.97
40.3133,1.8000,5.20,11.47
43.5101,1.8000,5.20,11.97
46.9533,1.8000,5.20,12.47
50.6642,1.8000,5.20,12.97
54.2041,1.8000,5.20,13.41
57.8473,1.8000,5.20,13.83
61.7847,1.8000,5.20,14.24
66.0412,1.8000,5.20,14.63
70.6444,1.8000,5.20,15.02
75.6246,1.8000,5.20,15.38
81.0154,1.8000,5.20,15.71
86.8537,1.8000,5.20,16.01
93.1806,1.8000,5.20,16.27
100.0411,1.8000,5.20,16.49
107.4854,1.8000,5.20,16.64
115.5687,1.8000,5.20,16.72
0.0000,2.0000,3.40,0.00
0.1293,2.0000,3.40,0.04
0.2619,2.0000,3.40,0.07
0.3979,2.0000,3.40,0.11
0.5374,2.0000,3.40,0.14
0.6804,2.0000,3.40,0.18
0.8271,2.0000,3.40,0.21
0.9776,2.0000,3.40,0.25
1.1320,2.0000,3.40,0.29
1.2904,2.0000,3.40,0.32
1.4530,2.0000,3.40,0.36
1.6198,2.0000,3.40,0.39
1.7909,2.0000,3.40,0.43
1.9666,2.0000,3.40,0.46
2.1470,2.0000,3.40,0.50
2.3321,2.0000,3.40,0.54
2.5222,2.0000,3.40,0.57
2.7173,2.0000,3.40,0.61
2.9176,2.0000,3.40,0.64
3.1234,2.0000,3.40,0.68
3.3347,2.0000,3.40,0.71
3.5517,2.0000,3.40,0.75
3.7746,2.0000,3.40,0.78
4.0036,2.0000,3.40,0.81
4.2388,2.0000,3.40,0.85
4.4805,2.0000,3.40,0.88
4.7288,2.0000,3.40,0.91
4.9840,2.0000,3.40,0.95
5.2463,2.0000,3.40,0.98
5.5158,2.0000,3.40,1.01
5.7929,2.0000,3.40,1.04
6.0777,2.0000,3.40,1.07
6.3705,2.0000,3.40,1.10
6.6715,2.0000,3.40,1.12
6.9811,2.0000,3.40,1.15
7.2995,2.0000,3.40,1.18
7.6269,2.0000,3.40,1.20
7.9636,2.0000,3.40,1.23
8.3100,2.0000,3.40,1.25
8.6664,2.0000,3.40,1.27
9.0331,2.0000,3.40,1.29
9.4103,2.0000,3.40,1.31
9.7986,2.0000,3.40,1.33
10.1981,2.0000,3.40,1.34
10.6093,2.0000,3.40,1.35
11.0327,2.0000,3.40,1.37
11.4685,2.0000,3.40,1.38
11.9171,2.0000,3.40,1.38
12.3792,2.0000,3.40,1.39
12.8549,2.0000,3.40,1.39
0.0000,2.0000,3.60,0.00
0.1528,2.0000,3.60,0.05
0.3101,2.0000,3.60,0.09
0.4720,2.0000,3.60,0.14
0.6386,2.0000,3.60,0.19
0.8102,2.0000,3.60,0.23
0.9868,2.0000,3.60,0.28
1.1687,2.0000,3.60,0.33
1.3559,2.0000,3.60,0.38
1.5488,2.0000,3.60,0.43
1.7475,2.0000,3.60,0.48
1.9522,2.0000,3.60,0.52
2.1631,2.0000,3.60,0.57
2.3804,2.0000,3.60,0.62
2.6043,2.0000,3.60,0.67
2.8350,2.0000,3.60,0.72
3.0729,2.0000,3.60,0.77
3.3180,2.0000,3.60,0.82
3.5708,2.0000,3.60,0.87
3.8314,2.0000,3.60,0.92
4.1001,2.0000,3.60,0.97
4.3772,2.0000,3.60,1.02
4.6630,2.0000,3.60,1.06
4.9578,2.0000,3.60,1.11
5.2619,2.0000,3.60,1.16
5.5757,2.0000,3.60,1.21
5.8994,2.0000,3.60,1.25
6.2335,2.0000,3.60,1.30
6.5783,2.0000,3.60,1.35
6.9343,2.0000,3.60,1.39
7.3017,2.0000,3.60,1.44
7.6810,2.0000,3.60,1.48
8.0727,2.0000,3.60,1.52
8.4772,2.0000,3.60,1.56
8.8950,2.0000,3.60,1.60
9.3265,2.0000,3.60,1.64
9.7723,2.0000,3.60,1.68
10.2329,2.0000,3.60,1.72
10.7088,2.0000,3.60,1.75
11.2007,2.0000,3.60,1.78
11.7090,2.0000,3.60,1.81
12.2345,2.0000,3.60,1.84
12.7778,2.0000,3.60,1.87
13.3396,2.0000,3.60,1.89
13.9205,2.0000,3.60,1.91
14.5214,2.0000,3.60,1.93
15.1429,2.0000,3.60,1.95
15.7858,2.0000,3.60,1.96
16.4511,2.0000,3.60,1.97
17.1396,2.0000,3.60,1.97
0.0000,2.0000,3.80,0.00
0.1771,2.0000,3.80,0.06
0.3600,2.0000,3.80,0.12
0.5490,2.0000,3.80,0.18
0.7442,2.0000,3.80,0.24
0.9460,2.0000,3.80,0.30
1.1544,2.0000,3.80,0.36
1.3699,2.0000,3.80,0.42
1.5926,2.0000,3.80,0.49
1.8229,2.0000,3.80,0.55
2.0609,2.0000,3.80,0.61
2.3071,2.0000,3.80,0.68
2.5617,2.0000,3.80,0.74
2.8251,2.0000,3.80,0.81
3.0975,2.0000,3.80,0.87
3.3794,2.0000,3.80,0.94
3.6711,2.0000,3.80,1.00
3.9729,2.0000,3.80,1.07
4.2853,2.0000,3.80,1.13
4.6087,2.0000,3.80,1.20
4.9435,2.0000,3.80,1.27
5.2902,2.0000,3.80,1.33
5.6492,2.0000,3.80,1.40
6.0211,2.0000,3.80,1.47
6.4063,2.0000,3.80,1.53
6.8053,2.0000,3.80,1.60
7.2188,2.0000,3.80,1.66
7.6473,2.0000,3.80,1.73
8.0915,2.0000,3.80,1.79
8.5518,2.0000,3.80,1.86
9.0291,2.0000,3.80,1.92
9.5241,2.0000,3.80,1.98
10.0373,2.0000,3.80,2.04
10.5697,2.0000,3.80,2.10
11.1220,2.0000,3.80,2.16
11.6950,2.0000,3.80,2.22
12.2896,2.0000,3.80,2.27
12.9067,2.0000,3.80,2.32
13.5473,2.0000,3.80,2.37
14.2124,2.0000,3.80,2.42
14.9030,2.0000,3.80,2.47
15.6202,2.0000,3.80,2.51
16.3651,2.0000,3.80,2.55
17.1390,2.0000,3.80,2.58
17.9432,2.0000,3.80,2.61
18.7789,2.0000,3.80,2.64
19.6475,2.0000,3.80,2.66
20.5506,2.0000,3.80,2.68
21.4896,2.0000,3.80,2.69
22.4661,2.0000,3.80,2.70
0.0000,2.0000,4.00,0.00
0.2020,2.0000,4.00,0.07
0.4114,2.0000,4.00,0.15
0.6285,2.0000,4.00,0.22
0.8537,2.0000,4.00,0.30
1.0871,2.0000,4.00,0.37
1.3292,2.0000,4.00,0.45
1.5804,2.0000,4.00,0.53
1.8410,2.0000,4.00,0.61
2.1114,2.0000,4.00,0.69
2.3920,2.0000,4.00,0.77
2.6833,2.0000,4.00,0.85
2.9856,2.0000,4.00,0.93
3.2996,2.0000,4.00,1.01
3.6256,2.0000,4.00,1.10
3.9642,2.0000,4.00,1.18
4.3160,2.0000,4.00,1.27
4.6814,2.0000,4.00,1.36
5.0611,2.0000,4.00,1.44
5.4557,2.0000,4.00,1.53
5.8659,2.0000,4.00,1.62
6.2923,2.0000,4.00,1.71
6.7357,2.0000,4.00,1.79
7.1968,2.0000,4.00,1.88
7.6764,2.0000,4.00,1.97
8.1753,2.0000,4.00,2.06
8.6944,2.0000,4.00,2.15
9.2346,2.0000,4.00,2.24
9.7968,2.0000,4.00,2.32
10.3821,2.0000,4.00,2.41
10.9915,2.0000,4.00,2.50
11.6262,2.0000,4.00,2.58
12.2872,2.0000,4.00,2.66
12.9758,2.0000,4.00,2.75
13.6933,2.0000,4.00,2.83
14.4411,2.0000,4.00,2.91
15.2206,2.0000,4.00,2.98
16.0332,2.0000,4.00,3.06
16.8806,2.0000,4.00,3.13
17.7644,2.0000,4.00,3.20
18.6863,2.0000,4.00,3.26
19.6483,2.0000,4.00,3.32
20.6522,2.0000,4.00,3.38
21.7002,2.0000,4.00,3.43
22.7943,2.0000,4.00,3.48
23.9369,2.0000,4.00,3.52
25.1304,2.0000,4.00,3.55
26.3773,2.0000,4.00,3.58
27.6802,2.0000,4.00,3.60
29.0421,2.0000,4.00,3.61
0.0000,2.0000,4.20,0.00
0.2274,2.0000,4.20,0.09
0.4640,2.0000,4.20,0.18
0.7100,2.0000,4.20,0.27
0.9661,2.0000,4.20,0.36
1.2326,2.0000,4.20,0.45
1.5099,2.0000,4.20,0.55
1.7987,2.0000,4.20,0.64
2.0994,2.0000,4.20,0.74
2.4125,2.0000,4.20,0.84
2.7386,2.0000,4.20,0.94
3.0784,2.0000,4.20,1.04
3.4325,2.0000,4.20,1.14
3.8014,2.0000,4.20,1.25
4.1860,2.0000,4.20,1.35
4.5870,2.0000,4.20,1.46
5.0050,2.0000,4.20,1.57
5.4411,2.0000,4.20,1.68
5.8959,2.0000,4.20,1.79
6.3704,2.0000,4.20,1.90
6.8656,2.0000,4.20,2.02
7.3823,2.0000,4.20,2.13
7.9218,2.0000,4.20,2.24
8.4851,2.0000,4.20,2.36
9.0733,2.0000,4.20,2.48
9.6877,2.0000,4.20,2.59
10.3297,2.0000,4.20,2.71
11.0004,2.0000,4.20,2.82
11.7015,2.0000,4.20,2.94
12.4344,2.0000,4.20,3.06
13.2007,2.0000,4.20,3.17
14.0021,2.0000,4.20,3.29
14.8404,2.0000,4.20,3.40
15.7176,2.0000,4.20,3.51
16.6356,2.0000,4.20,3.62
17.5966,2.0000,4.20,3.73
18.6027,2.0000,4.20,3.84
19.6564,2.0000,4.20,3.94
20.7601,2.0000,4.20,4.04
21.9166,2.0000,4.20,4.13
23.1287,2.0000,4.20,4.22
24.3993,2.0000,4.20,4.31
25.7316,2.0000,4.20,4.39
27.1290,2.0000,4.20,4.46
28.5950,2.0000,4.20,4.53
30.1334,2.0000,4.20,4.59
31.7483,2.0000,4.20,4.63
33.4438,2.0000,4.20,4.67
35.1811,2.0000,4.20,4.70
36.6455,2.0000,4.20,4.71
0.0000,2.0000,4.40,0.00
0.2527,2.0000,4.40,0.10
0.5165,2.0000,4.40,0.21
0.7919,2.0000,4.40,0.32
1.0793,2.0000,4.40,0.42
1.3796,2.0000,4.40,0.54
1.6931,2.0000,4.40,0.65
2.0207,2.0000,4.40,0.76
2.3630,2.0000,4.40,0.88
2.7208,2.0000,4.40,1.00
3.0947,2.0000,4.40,1.12
3.4857,2.0000,4.40,1.25
3.8946,2.0000,4.40,1.38
4.3222,2.0000,4.40,1.50
4.7696,2.0000,4.40,1.64
5.2378,2.0000,4.40,1.77
5.7278,2.0000,4.40,1.90
6.2407,2.0000,4.40,2.04
6.7777,2.0000,4.40,2.18
7.3401,2.0000,4.40,2.32
7.9293,2.0000,4.40,2.46
8.5466,2.0000,4.40,2.60
9.1935,2.0000,4.40,2.75
9.8715,2.0000,4.40,2.90
10.5825,2.0000,4.40,3.04
11.3281,2.0000,4.40,3.19
12.1101,2.0000,4.40,3.34
12.9307,2.0000,4.40,3.49
13.7918,2.0000,4.40,3.65
14.6958,2.0000,4.40,3.80
15.6449,2.0000,4.40,3.95
16.6418,2.0000,4.40,4.10
17.6890,2.0000,4.40,4.25
18.7895,2.0000,4.40,4.40
19.9461,2.0000,4.40,4.54
21.1622,2.0000,4.40,4.69
22.4412,2.0000,4.40,4.83
23.7866,2.0000,4.40,4.97
25.2024,2.0000,4.40,5.10
26.6926,2.0000,4.40,5.23
28.2616,2.0000,4.40,5.36
29.9142,2.0000,4.40,5.47
31.6552,2.0000,4.40,5.58
33.4900,2.0000,4.40,5.69
35.4242,2.0000,4.40,5.78
37.4640,2.0000,4.40,5.86
39.3122,2.0000,4.40,5.92
41.1173,2.0000,4.40,5.96
43.0277,2.0000,4.40,5.99
45.0494,2.0000,4.40,6.01
0.0000,2.0000,4.60,0.00
0.2779,2.0000,4.60,0.12
0.5688,2.0000,4.60,0.24
0.8735,2.0000,4.60,0.37
1.1927,2.0000,4.60,0.49
1.5272,2.0000,4.60,0.63
1.8777,2.0000,4.60,0.76
2.2451,2.0000,4.60,0.90
2.6304,2.0000,4.60,1.04
3.0344,2.0000,4.60,1.18
3.4581,2.0000,4.60,1.32
3.9027,2.0000,4.60,1.47
4.3693,2.0000,4.60,1.63
4.8591,2.0000,4.60,1.78
5.3733,2.0000,4.60,1.94
5.9133,2.0000,4.60,2.10
6.4805,2.0000,4.60,2.26
7.0765,2.0000,4.60,2.43
7.7028,2.0000,4.60,2.60
8.3611,2.0000,4.60,2.77
9.0533,2.0000,4.60,2.95
9.7813,2.0000,4.60,3.13
10.5472,2.0000,4.60,3.31
11.3531,2.0000,4.60,3.49
12.2013,2.0000,4.60,3.68
13.0943,2.0000,4.60,3.87
14.0348,2.0000,4.60,4.06
15.0255,2.0000,4.60,4.25
16.0694,2.0000,4.60,4.44
17.1697,2.0000,4.60,4.63
18.3297,2.0000,4.60,4.83
19.5532,2.0000,4.60,5.02
20.8439,2.0000,4.60,5.22
22.2060,2.0000,4.60,5.41
23.6439,2.0000,4.60,5.60
25.1622,2.0000,4.60,5.79
26.7660,2.0000,4.60,5.98
28.4607,2.0000,4.60,6.16
30.2521,2.0000,4.60,6.34
32.1462,2.0000,4.60,6.51
34.1498,2.0000,4.60,6.68
36.2698,2.0000,4.60,6.84
38.5139,2.0000,4.60,6.99
40.8903,2.0000,4.60,7.12
42.9936,2.0000,4.60,7.23
45.1402,2.0000,4.60,7.32
47.4211,2.0000,4.60,7.39
49.8445,2.0000,4.60,7.45
52.4194,2.0000,4.60,7.50
55.1556,2.0000,4.60,7.52
0.0000,2.0000,4.80,0.00
0.3027,2.0000,4.80,0.14
0.6206,2.0000,4.80,0.28
0.9546,2.0000,4.80,0.42
1.3057,2.0000,4.80,0.57
1.6747,2.0000,4.80,0.72
2.0627,2.0000,4.80,0.88
2.4708,2.0000,4.80,1.03
2.9001,2.0000,4.80,1.20
3.3517,2.0000,4.80,1.37
3.8271,2.0000,4.80,1.54
4.3276,2.0000,4.80,1.71
4.8546,2.0000,4.80,1.89
5.4097,2.0000,4.80,2.08
5.9945,2.0000,4.80,2.27
6.6108,2.0000,4.80,2.46
7.2605,2.0000,4.80,2.65
7.9455,2.0000,4.80,2.86
8.6680,2.0000,4.80,3.06
9.4302,2.0000,4.80,3.27
10.2345,2.0000,4.80,3.48
11.0836,2.0000,4.80,3.70
11.9802,2.0000,4.80,3.92
12.9272,2.0000,4.80,4.15
13.9278,2.0000,4.80,4.38
14.9853,2.0000,4.80,4.61
16.1033,2.0000,4.80,4.85
17.2856,2.0000,4.80,5.09
18.5364,2.0000,4.80,5.33
19.8601,2.0000,4.80,5.57
21.2613,2.0000,4.80,5.81
22.7452,2.0000,4.80,6.06
24.3172,2.0000,4.80,6.31
25.9831,2.0000,4.80,6.56
27.7492,2.0000,4.80,6.80
29.6222,2.0000,4.80,7.05
31.6093,2.0000,4.80,7.29
33.7182,2.0000,4.80,7.53
35.9574,2.0000,4.80,7.76
38.3359,2.0000,4.80,7.99
40.8633,2.0000,4.80,8.21
43.5501,2.0000,4.80,8.42
46.0431,2.0000,4.80,8.59
48.5136,2.0000,4.80,8.74
51.1487,2.0000,4.80,8.88
53.9593,2.0000,4.80,9.00
56.9575,2.0000,4.80,9.10
60.1564,2.0000,4.80,9.18
63.5698,2.0000,4.80,9.24
67.2132,2.0000,4.80,9.27
0.0000,2.0000,5.00,0.00
0.3271,2.0000,5.00,0.15
0.6718,2.0000,5.00,0.31
1.0350,2.0000,5.00,0.48
1.4179,2.0000,5.00,0.65
1.8217,2.0000,5.00,0.82
2.2477,2.0000,5.00,1.00
2.6970,2.0000,5.00,1.18
3.1713,2.0000,5.00,1.37
3.6719,2.0000,5.00,1.56
4.2006,2.0000,5.00,1.76
4.7589,2.0000,5.00,1.97
5.3489,2.0000,5.00,2.18
5.9723,2.0000,5.00,2.39
6.6314,2.0000,5.00,2.61
7.3283,2.0000,5.00,2.84
8.0655,2.0000,5.00,3.07
8.8455,2.0000,5.00,3.31
9.6710,2.0000,5.00,3.56
10.5451,2.0000,5.00,3.81
11.4708,2.0000,5.00,4.06
12.4515,2.0000,5.00,4.32
13.4908,2.0000,5.00,4.59
14.5927,2.0000,5.00,4.86
15.7612,2.0000,5.00,5.14
17.0008,2.0000,5.00,5.43
18.3164,2.0000,5.00,5.72
19.7131,2.0000,5.00,6.01
21.1965,2.0000,5.00,6.31
22.7724,2.0000,5.00,6.61
24.4475,2.0000,5.00,6.91
26.2285,2.0000,5.00,7.22
28.1230,2.0000,5.00,7.53
30.1390,2.0000,5.00,7.84
32.2852,2.0000,5.00,8.15
34.5711,2.0000,5.00,8.46
37.0067,2.0000,5.00,8.77
39.6030,2.0000,5.00,9.08
42.3719,2.0000,5.00,9.38
45.3263,2.0000,5.00,9.67
48.3335,2.0000,5.00,9.94
51.0926,2.0000,5.00,10.17
54.0464,2.0000,5.00,10.38
57.2090,2.0000,5.00,10.58
60.5955,2.0000,5.00,10.76
64.2225,2.0000,5.00,10.93
68.1079,2.0000,5.00,11.06
72.2714,2.0000,5.00,11.18
76.7344,2.0000,5.00,11.26
81.5202,2.0000,5.00,11.30
0.0000,2.0000,5.20,0.00
0.3511,2.0000,5.20,0.17
0.7221,2.0000,5.20,0.35
1.1144,2.0000,5.20,0.53
1.5291,2.0000,5.20,0.72
1.9678,2.0000,5.20,0.92
2.4319,2.0000,5.20,1.12
2.9231,2.0000,5.20,1.33
3.4431,2.0000,5.20,1.54
3.9938,2.0000,5.20,1.77
4.5772,2.0000,5.20,1.99
5.1953,2.0000,5.20,2.23
5.8504,2.0000,5.20,2.47
6.5450,2.0000,5.20,2.72
7.2818,2.0000,5.20,2.98
8.0634,2.0000,5.20,3.24
8.8930,2.0000,5.20,3.52
9.7738,2.0000,5.20,3.80
10.7091,2.0000,5.20,4.08
11.7029,2.0000,5.20,4.38
12.7591,2.0000,5.20,4.68
13.8819,2.0000,5.20,4.99
15.0762,2.0000,5.20,5.31
16.3469,2.0000,5.20,5.64
17.6994,2.0000,5.20,5.97
19.1395,2.0000,5.20,6.32
20.6735,2.0000,5.20,6.66
22.3084,2.0000,5.20,7.02
24.0513,2.0000,5.20,7.38
25.9102,2.0000,5.20,7.75
27.8938,2.0000,5.20,8.13
30.0113,2.0000,5.20,8.50
32.2728,2.0000,5.20,8.89
34.6893,2.0000,5.20,9.27
37.2725,2.0000,5.20,9.66
40.0354,2.0000,5.20,10.05
42.9919,2.0000,5.20,10.44
46.1572,2.0000,5.20,10.83
49.5477,2.0000,5.20,11.21
52.7778,2.0000,5.20,11.54
55.9975,2.0000,5.20,11.84
59.4573,2.0000,5.20,12.13
63.1754,2.0000,5.20,12.41
67.1722,2.0000,5.20,12.67
71.4696,2.0000,5.20,12.91
76.0918,2.0000,5.20,13.13
81.0653,2.0000,5.20,13.31
86.4190,2.0000,5.20,13.46
92.1848,2.0000,5.20,13.57
98.3975,2.0000,5.20,13.63
0.0000,2.2000,3.40,0.00
0.1145,2.2000,3.40,0.03
0.2314,2.2000,3.40,0.05
0.3509,2.2000,3.40,0.08
0.4729,2.2000,3.40,0.10
0.5975,2.2000,3.40,0.13
0.7249,2.2000,3.40,0.15
0.8550,2.2000,3.40,0.18
0.9879,2.2000,3.40,0.20
1.1238,2.2000,3.40,0.23
1.2626,2.2000,3.40,0.25
1.4045,2.2000,3.40,0.28
1.5495,2.2000,3.40,0.30
1.6976,2.2000,3.40,0.33
1.8491,2.2000,3.40,0.35
2.0039,2.2000,3.40,0.38
2.1622,2.2000,3.40,0.40
2.3240,2.2000,3.40,0.43
2.4894,2.2000,3.40,0.45
2.6585,2.2000,3.40,0.47
2.8315,2.2000,3.40,0.50
3.0083,2.2000,3.40,0.52
3.1891,2.2000,3.40,0.54
3.3740,2.2000,3.40,0.57
3.5631,2.2000,3.40,0.59
3.7566,2.2000,3.40,0.61
3.9544,2.2000,3.40,0.63
4.1568,2.2000,3.40,0.65
4.3638,2.2000,3.40,0.67
4.5756,2.2000,3.40,0.69
4.7923,2.2000,3.40,0.71
5.0141,2.2000,3.40,0.73
5.2409,2.2000,3.40,0.75
5.4731,2.2000,3.40,0.77
5.7106,2.2000,3.40,0.78
5.9538,2.2000,3.40,0.80
6.2026,2.2000,3.40,0.82
6.4574,2.2000,3.40,0.83
6.7181,2.2000,3.40,0.85
6.9850,2.2000,3.40,0.86
7.2583,2.2000,3.40,0.87
7.5380,2.2000,3.40,0.88
7.8245,2.2000,3.40,0.89
8.1178,2.2000,3.40,0.90
8.4182,2.2000,3.40,0.91
8.7258,2.2000,3.40,0.92
9.0409,2.2000,3.40,0.92
9.3636,2.2000,3.40,0.93
9.6941,2.2000,3.40,0.93
10.0327,2.2000,3.40,0.93
0.0000,2.2000,3.60,0.00
0.1388,2.2000,3.60,0.04
0.2810,2.2000,3.60,0.07
0.4268,2.2000,3.60,0.11
0.5764,2.2000,3.60,0.14
0.7297,2.2000,3.60,0.18
0.8869,2.2000,3.60,0.21
1.0481,2.2000,3.60,0.25
1.2134,2.2000,3.60,0.28
1.3830,2.2000,3.60,0.32
1.5569,2.2000,3.60,0.35
1.7353,2.2000,3.60,0.39
1.9183,2.2000,3.60,0.43
2.1061,2.2000,3.60,0.46
2.2987,2.2000,3.60,0.50
2.4964,2.2000,3.60,0.53
2.6993,2.2000,3.60,0.57
2.9075,2.2000,3.60,0.60
3.1211,2.2000,3.60,0.64
3.3404,2.2000,3.60,0.67
3.5656,2.2000,3.60,0.71
3.7967,2.2000,3.60,0.74
4.0339,2.2000,3.60,0.77
4.2775,2.2000,3.60,0.81
4.5277,2.2000,3.60,0.84
4.7846,2.2000,3.60,0.87
5.0484,2.2000,3.60,0.90
5.3193,2.2000,3.60,0.94
5.5976,2.2000,3.60,0.97
5.8835,2.2000,3.60,1.00
6.1772,2.2000,3.60,1.03
6.4790,2.2000,3.60,1.06
6.7890,2.2000,3.60,1.08
7.1077,2.2000,3.60,1.11
7.4351,2.2000,3.60,1.14
7.7716,2.2000,3.60,1.16
8.1175,2.2000,3.60,1.19
8.4731,2.2000,3.60,1.21
8.8387,2.2000,3.60,1.23
9.2145,2.2000,3.60,1.26
9.6009,2.2000,3.60,1.27
9.9983,2.2000,3.60,1.29
10.4070,2.2000,3.60,1.31
10.8274,2.2000,3.60,1.32
11.2597,2.2000,3.60,1.34
11.7045,2.2000,3.60,1.35
12.1622,2.2000,3.60,1.36
12.6330,2.2000,3.60,1.37
13.1175,2.2000,3.60,1.37
13.6161,2.2000,3.60,1.37
0.0000,2.2000,3.80,0.00
0.1641,2.2000,3.80,0.05
0.3329,2.2000,3.80,0.09
0.5066,2.2000,3.80,0.14
0.6854,2.2000,3.80,0.19
0.8693,2.2000,3.80,0.23
1.0586,2.2000,3.80,0.28
1.2534,2.2000,3.80,0.33
1.4539,2.2000,3.80,0.38
1.6603,2.2000,3.80,0.42
1.8728,2.2000,3.80,0.47
2.0916,2.2000,3.80,0.52
2.3169,2.2000,3.80,0.57
2.5489,2.2000,3.80,0.62
2.7879,2.2000,3.80,0.67
3.0340,2.2000,3.80,0.71
3.2876,2.2000,3.80,0.76
3.5487,2.2000,3.80,0.81
3.8179,2.2000,3.80,0.86
4.0951,2.2000,3.80,0.91
4.3809,2.2000,3.80,0.96
4.6754,2.2000,3.80,1.01
4.9789,2.2000,3.80,1.05
5.2918,2.2000,3.80,1.10
5.6144,2.2000,3.80,1.15
5.9469,2.2000,3.80,1.19
6.2899,2.2000,3.80,1.24
6.6435,2.2000,3.80,1.29
7.0083,2.2000,3.80,1.33
7.3845,2.2000,3.80,1.38
7.7726,2.2000,3.80,1.42
8.1730,2.2000,3.80,1.46
8.5862,2.2000,3.80,1.50
9.0125,2.2000,3.80,1.54
9.4525,2.2000,3.80,1.58
9.9066,2.2000,3.80,1.62
10.3755,2.2000,3.80,1.66
10.8594,2.2000,3.80,1.69
11.3592,2.2000,3.80,1.73
11.8752,2.2000,3.80,1.76
12.4082,2.2000,3.80,1.79
12.9587,2.2000,3.80,1.82
13.5274,2.2000,3.80,1.84
14.1149,2.2000,3.80,1.86
14.7219,2.2000,3.80,1.88
15.3493,2.2000,3.80,1.90
15.9977,2.2000,3.80,1.92
16.6679,2.2000,3.80,1.93
17.3608,2.2000,3.80,1.93
18.0772,2.2000,3.80,1.94
0.0000,2.2000,4.00,0.00
0.1904,2.2000,4.00,0.06
0.3869,2.2000,4.00,0.12
0.5898,2.2000,4.00,0.18
0.7993,2.2000,4.00,0.24
1.0157,2.2000,4.00,0.30
1.2392,2.2000,4.00,0.36
1.4700,2.2000,4.00,0.42
1.7084,2.2000,4.00,0.48
1.9548,2.2000,4.00,0.54
2.2094,2.2000,4.00,0.61
2.4724,2.2000,4.00,0.67
2.7443,2.2000,4.00,0.73
3.0253,2.2000,4.00,0.80
3.3158,2.2000,4.00,0.86
3.6161,2.2000,4.00,0.93
3.9267,2.2000,4.00,0.99
4.2478,2.2000,4.00,1.06
4.5799,2.2000,4.00,1.12
4.9235,2.2000,4.00,1.19
5.2789,2.2000,4.00,1.25
5.6466,2.2000,4.00,1.32
6.0270,2.2000,4.00,1.38
6.4208,2.2000,4.00,1.45
6.8283,2.2000,4.00,1.51
7.2502,2.2000,4.00,1.58
7.6870,2.2000,4.00,1.64
8.1392,2.2000,4.00,1.71
8.6075,2.2000,4.00,1.77
9.0925,2.2000,4.00,1.83
9.5949,2.2000,4.00,1.89
10.1154,2.2000,4.00,1.95
10.6547,2.2000,4.00,2.01
11.2136,2.2000,4.00,2.07
11.7928,2.2000,4.00,2.13
12.3932,2.2000,4.00,2.18
13.0156,2.2000,4.00,2.23
13.6610,2.2000,4.00,2.29
14.3303,2.2000,4.00,2.33
15.0245,2.2000,4.00,2.38
15.7447,2.2000,4.00,2.42
16.4918,2.2000,4.00,2.46
17.2671,2.2000,4.00,2.50
18.0717,2.2000,4.00,2.54
18.9069,2.2000,4.00,2.57
19.7740,2.2000,4.00,2.59
20.6743,2.2000,4.00,2.62
21.6093,2.2000,4.00,2.63
22.5804,2.2000,4.00,2.64
23.5894,2.2000,4.00,2.65
0.0000,2.2000,4.20,0.00
0.2174,2.2000,4.20,0.07
0.4426,2.2000,4.20,0.14
0.6759,2.2000,4.20,0.22
0.9177,2.2000,4.20,0.29
1.1682,2.2000,4.20,0.37
1.4278,2.2000,4.20,0.45
1.6970,2.2000,4.20,0.52
1.9760,2.2000,4.20,0.60
2.2653,2.2000,4.20,0.68
2.5653,2.2000,4.20,0.76
2.8764,2.2000,4.20,0.84
3.1992,2.2000,4.20,0.92
3.5340,2.2000,4.20,1.01
3.8813,2.2000,4.20,1.09
4.2418,2.2000,4.20,1.17
4.6159,2.2000,4.20,1.26
5.0042,2.2000,4.20,1.34
5.4073,2.2000,4.20,1.43
5.8259,2.2000,4.20,1.51
6.2605,2.2000,4.20,1.60
6.7119,2.2000,4.20,1.68
7.1809,2.2000,4.20,1.77
7.6680,2.2000,4.20,1.86
8.1742,2.2000,4.20,1.94
8.7003,2.2000,4.20,2.03
9.2471,2.2000,4.20,2.12
9.8156,2.2000,4.20,2.20
10.4066,2.2000,4.20,2.29
11.0213,2.2000,4.20,2.37
11.6606,2.2000,4.20,2.46
12.3256,2.2000,4.20,2.54
13.0175,2.2000,4.20,2.62
13.7376,2.2000,4.20,2.70
14.4870,2.2000,4.20,2.78
15.2671,2.2000,4.20,2.86
16.0794,2.2000,4.20,2.93
16.9253,2.2000,4.20,3.00
17.8063,2.2000,4.20,3.07
18.7242,2.2000,4.20,3.14
19.6805,2.2000,4.20,3.20
20.6772,2.2000,4.20,3.26
21.7161,2.2000,4.20,3.31
22.7993,2.2000,4.20,3.36
23.9288,2.2000,4.20,3.41
25.1068,2.2000,4.20,3.44
26.3358,2.2000,4.20,3.48
27.6181,2.2000,4.20,3.50
28.9564,2.2000,4.20,3.52
30.3535,2.2000,4.20,3.53
0.0000,2.2000,4.40,0.00
0.2450,2.2000,4.40,0.09
0.4997,2.2000,4.40,0.17
0.7644,2.2000,4.40,0.26
1.0396,2.2000,4.40,0.36
1.3258,2.2000,4.40,0.45
1.6234,2.2000,4.40,0.54
1.9330,2.2000,4.40,0.64
2.2550,2.2000,4.40,0.73
2.5901,2.2000,4.40,0.83
2.9388,2.2000,4.40,0.93
3.3017,2.2000,4.40,1.03
3.6794,2.2000,4.40,1.13
4.0727,2.2000,4.40,1.24
4.4822,2.2000,4.40,1.34
4.9087,2.2000,4.40,1.45
5.3530,2.2000,4.40,1.55
5.8158,2.2000,4.40,1.66
6.2981,2.2000,4.40,1.77
6.8007,2.2000,4.40,1.88
7.3246,2.2000,4.40,1.99
7.8708,2.2000,4.40,2.10
8.4403,2.2000,4.40,2.21
9.0342,2.2000,4.40,2.33
9.6538,2.2000,4.40,2.44
10.3001,2.2000,4.40,2.55
10.9746,2.2000,4.40,2.67
11.6786,2.2000,4.40,2.78
12.4135,2.2000,4.40,2.89
13.1808,2.2000,4.40,3.01
13.9821,2.2000,4.40,3.12
14.8191,2.2000,4.40,3.23
15.6935,2.2000,4.40,3.34
16.6073,2.2000,4.40,3.45
17.5623,2.2000,4.40,3.55
18.5608,2.2000,4.40,3.66
19.6048,2.2000,4.40,3.76
20.6967,2.2000,4.40,3.86
21.8390,2.2000,4.40,3.95
23.0342,2.2000,4.40,4.05
24.2851,2.2000,4.40,4.13
25.5946,2.2000,4.40,4.21
26.9658,2.2000,4.40,4.29
28.4019,2.2000,4.40,4.36
29.9064,2.2000,4.40,4.42
31.4829,2.2000,4.40,4.48
33.1354,2.2000,4.40,4.52
34.8678,2.2000,4.40,4.56
36.6845,2.2000,4.40,4.59
38.1639,2.2000,4.40,4.60
0.0000,2.2000,4.60,0.00
0.2727,2.2000,4.60,0.10
0.5570,2.2000,4.60,0.21
0.8535,2.2000,4.60,0.31
1.1628,2.2000,4.60,0.42
1.4855,2.2000,4.60,0.53
1.8222,2.2000,4.60,0.65
2.1735,2.2000,4.60,0.76
2.5403,2.2000,4.60,0.88
2.9232,2.2000,4.60,1.00
3.3230,2.2000,4.60,1.12
3.7406,2.2000,4.60,1.24
4.1768,2.2000,4.60,1.36
4.6325,2.2000,4.60,1.49
5.1086,2.2000,4.60,1.62
5.6063,2.2000,4.60,1.75
6.1266,2.2000,4.60,1.88
6.6705,2.2000,4.60,2.02
7.2394,2.2000,4.60,2.15
7.8344,2.2000,4.60,2.29
8.4568,2.2000,4.60,2.43
9.1082,2.2000,4.60,2.57
9.7899,2.2000,4.60,2.71
10.5036,2.2000,4.60,2.86
11.2509,2.2000,4.60,3.00
12.0335,2.2000,4.60,3.14
12.8534,2.2000,4.60,3.29
13.7124,2.2000,4.60,3.44
14.6126,2.2000,4.60,3.58
15.5564,2.2000,4.60,3.73
16.5459,2.2000,4.60,3.88
17.5836,2.2000,4.60,4.02
18.6723,2.2000,4.60,4.17
19.8145,2.2000,4.60,4.31
21.0134,2.2000,4.60,4.45
22.2721,2.2000,4.60,4.59
23.5938,2.2000,4.60,4.73
24.9820,2.2000,4.60,4.86
26.4406,2.2000,4.60,4.99
27.9735,2.2000,4.60,5.11
29.5850,2.2000,4.60,5.23
31.2795,2.2000,4.60,5.34
33.0619,2.2000,4.60,5.45
34.9372,2.2000,4.60,5.54
36.9109,2.2000,4.60,5.63
38.9888,2.2000,4.60,5.71
40.9058,2.2000,4.60,5.76
42.7123,2.2000,4.60,5.80
44.6217,2.2000,4.60,5.83
46.6397,2.2000,4.60,5.85
0.0000,2.2000,4.80,0.00
0.3002,2.2000,4.80,0.12
0.6142,2.2000,4.80,0.24
0.9427,2.2000,4.80,0.37
1.2864,2.2000,4.80,0.49
1.6462,2.2000,4.80,0.62
2.0228,2.2000,4.80,0.76
2.4172,2.2000,4.80,0.89
2.8301,2.2000,4.80,1.03
3.2627,2.2000,4.80,1.17
3.7159,2.2000,4.80,1.31
4.1907,2.2000,4.80,1.46
4.6884,2.2000,4.80,1.61
5.2102,2.2000,4.80,1.76
5.7573,2.2000,4.80,1.92
6.3310,2.2000,4.80,2.08
6.9329,2.2000,4.80,2.24
7.5644,2.2000,4.80,2.40
8.2271,2.2000,4.80,2.57
8.9228,2.2000,4.80,2.74
9.6533,2.2000,4.80,2.91
10.4204,2.2000,4.80,3.09
11.2262,2.2000,4.80,3.26
12.0730,2.2000,4.80,3.44
12.9629,2.2000,4.80,3.62
13.8984,2.2000,4.80,3.81
14.8821,2.2000,4.80,3.99
15.9168,2.2000,4.80,4.17
17.0054,2.2000,4.80,4.36
18.1510,2.2000,4.80,4.55
19.3569,2.2000,4.80,4.73
20.6267,2.2000,4.80,4.92
21.9642,2.2000,4.80,5.11
23.3733,2.2000,4.80,5.29
24.8583,2.2000,4.80,5.48
26.4239,2.2000,4.80,5.66
28.0748,2.2000,4.80,5.84
29.8163,2.2000,4.80,6.01
31.6539,2.2000,4.80,6.18
33.5935,2.2000,4.80,6.35
35.6416,2.2000,4.80,6.51
37.8049,2.2000,4.80,6.66
40.0906,2.2000,4.80,6.80
42.5065,2.2000,4.80,6.93
44.6682,2.2000,4.80,7.03
46.8127,2.2000,4.80,7.11
49.0879,2.2000,4.80,7.18
51.5016,2.2000,4.80,7.24
54.0622,2.2000,4.80,7.28
56.7786,2.2000,4.80,7.30
0.0000,2.2000,5.00,0.00
0.3274,2.2000,5.00,0.14
0.6710,2.2000,5.00,0.28
1.0315,2.2000,5.00,0.42
1.4100,2.2000,5.00,0.57
1.8073,2.2000,5.00,0.72
2.2245,2.2000,5.00,0.87
2.6628,2.2000,5.00,1.03
3.1232,2.2000,5.00,1.19
3.6070,2.2000,5.00,1.36
4.1155,2.2000,5.00,1.53
4.6500,2.2000,5.00,1.70
5.2122,2.2000,5.00,1.88
5.8034,2.2000,5.00,2.06
6.4254,2.2000,5.00,2.24
7.0800,2.2000,5.00,2.43
7.7690,2.2000,5.00,2.63
8.4943,2.2000,5.00,2.82
9.2582,2.2000,5.00,3.03
10.0629,2.2000,5.00,3.23
10.9107,2.2000,5.00,3.44
11.8043,2.2000,5.00,3.65
12.7464,2.2000,5.00,3.87
13.7398,2.2000,5.00,4.09
14.7877,2.2000,5.00,4.31
15.8935,2.2000,5.00,4.53
17.0605,2.2000,5.00,4.76
18.2927,2.2000,5.00,4.99
19.5939,2.2000,5.00,5.23
20.9687,2.2000,5.00,5.46
22.4214,2.2000,5.00,5.70
23.9572,2.2000,5.00,5.93
25.5812,2.2000,5.00,6.17
27.2991,2.2000,5.00,6.41
29.1171,2.2000,5.00,6.64
31.0414,2.2000,5.00,6.88
33.0792,2.2000,5.00,7.11
35.2379,2.2000,5.00,7.33
37.5256,2.2000,5.00,7.55
39.9507,2.2000,5.00,7.77
42.5227,2.2000,5.00,7.98
45.2514,2.2000,5.00,8.18
47.8042,2.2000,5.00,8.34
50.2698,2.2000,5.00,8.48
52.8953,2.2000,5.00,8.61
55.6909,2.2000,5.00,8.72
58.6679,2.2000,5.00,8.81
61.8383,2.2000,5.00,8.89
65.2149,2.2000,5.00,8.95
68.8120,2.2000,5.00,8.97
0.0000,2.2000,5.20,0.00
0.3544,2.2000,5.20,0.15
0.7273,2.2000,5.20,0.31
1.1198,2.2000,5.20,0.48
1.5330,2.2000,5.20,0.64
1.9682,2.2000,5.20,0.82
2.4266,2.2000,5.20,0.99
2.9096,2.2000,5.20,1.17
3.4185,2.2000,5.20,1.36
3.9550,2.2000,5.20,1.55
4.5206,2.2000,5.20,1.75
5.1172,2.2000,5.20,1.95
5.7465,2.2000,5.20,2.16
6.4105,2.2000,5.20,2.37
7.1114,2.2000,5.20,2.59
7.8513,2.2000,5.20,2.81
8.6327,2.2000,5.20,3.04
9.4582,2.2000,5.20,3.27
10.3304,2.2000,5.20,3.51
11.2523,2.2000,5.20,3.76
12.2271,2.2000,5.20,4.01
13.2580,2.2000,5.20,4.26
14.3487,2.2000,5.20,4.52
15.5029,2.2000,5.20,4.79
16.7248,2.2000,5.20,5.06
18.0188,2.2000,5.20,5.33
19.3896,2.2000,5.20,5.61
20.8421,2.2000,5.20,5.90
22.3820,2.2000,5.20,6.18
24.0149,2.2000,5.20,6.47
25.7472,2.2000,5.20,6.77
27.5856,2.2000,5.20,7.06
29.5372,2.2000,5.20,7.36
31.6100,2.2000,5.20,7.65
33.8122,2.2000,5.20,7.95
36.1530,2.2000,5.20,8.25
38.6419,2.2000,5.20,8.54
41.2897,2.2000,5.20,8.83
44.1074,2.2000,5.20,9.11
47.1075,2.2000,5.20,9.39
50.1889,2.2000,5.20,9.65
52.9419,2.2000,5.20,9.86
55.8841,2.2000,5.20,10.05
59.0283,2.2000,5.20,10.24
62.3886,2.2000,5.20,10.41
65.9803,2.2000,5.20,10.56
69.8201,2.2000,5.20,10.69
73.9261,2.2000,5.20,10.79
78.3176,2.2000,5.20,10.86
83.0164,2.2000,5.20,10.90
