0,1.4,3.4,0
0.1579,1.4,3.4,0.0702
0.3205,1.4,3.4,0.1408
0.4881,1.4,3.4,0.2118
0.661,1.4,3.4,0.2834
0.8395,1.4,3.4,0.3556
1.024,1.4,3.4,0.4283
1.2149,1.4,3.4,0.5017
1.4124,1.4,3.4,0.5757
1.6169,1.4,3.4,0.6503
1.8287,1.4,3.4,0.7256
2.0483,1.4,3.4,0.8015
2.276,1.4,3.4,0.878
2.5123,1.4,3.4,0.9552
2.7575,1.4,3.4,1.033
3.012,1.4,3.4,1.1114
3.2764,1.4,3.4,1.1903
3.5511,1.4,3.4,1.2698
3.8365,1.4,3.4,1.3498
4.1333,1.4,3.4,1.4302
4.4419,1.4,3.4,1.511
4.763,1.4,3.4,1.5921
5.097,1.4,3.4,1.6734
5.4446,1.4,3.4,1.755
5.8065,1.4,3.4,1.8367
6.1834,1.4,3.4,1.9183
6.576,1.4,3.4,1.9999
6.9849,1.4,3.4,2.0812
7.4111,1.4,3.4,2.1622
7.8554,1.4,3.4,2.2426
8.3185,1.4,3.4,2.3225
8.8016,1.4,3.4,2.4015
9.3054,1.4,3.4,2.4795
9.8311,1.4,3.4,2.5563
10.3797,1.4,3.4,2.6317
10.9524,1.4,3.4,2.7054
11.5504,1.4,3.4,2.7772
12.1748,1.4,3.4,2.8468
12.8271,1.4,3.4,2.9138
13.5087,1.4,3.4,2.978
14.2211,1.4,3.4,3.0389
14.9657,1.4,3.4,3.0962
15.7444,1.4,3.4,3.1495
16.5588,1.4,3.4,3.1982
17.4107,1.4,3.4,3.2419
18.3022,1.4,3.4,3.2799
19.2354,1.4,3.4,3.3118
20.2123,1.4,3.4,3.3368
21.2354,1.4,3.4,3.3543
22.3071,1.4,3.4,3.3634
0,1.4,3.6,0
0.1766,1.4,3.6,0.0844
0.3592,1.4,3.6,0.1697
0.548,1.4,3.6,0.2558
0.7436,1.4,3.6,0.3428
0.9464,1.4,3.6,0.4309
1.1569,1.4,3.6,0.52
1.3754,1.4,3.6,0.6101
1.6025,1.4,3.6,0.7014
1.8387,1.4,3.6,0.7939
2.0844,1.4,3.6,0.8875
2.3401,1.4,3.6,0.9823
2.6065,1.4,3.6,1.0783
2.884,1.4,3.6,1.1755
3.1733,1.4,3.6,1.2738
3.475,1.4,3.6,1.3733
3.7897,1.4,3.6,1.4739
4.1182,1.4,3.6,1.5756
4.461,1.4,3.6,1.6784
4.8191,1.4,3.6,1.7822
5.1931,1.4,3.6,1.8869
5.584,1.4,3.6,1.9926
5.9926,1.4,3.6,2.099
6.4198,1.4,3.6,2.2062
6.8666,1.4,3.6,2.3139
7.3341,1.4,3.6,2.4221
7.8233,1.4,3.6,2.5307
8.3354,1.4,3.6,2.6395
8.8716,1.4,3.6,2.7484
9.4332,1.4,3.6,2.857
10.0217,1.4,3.6,2.9653
10.6383,1.4,3.6,3.0731
11.2848,1.4,3.6,3.1799
11.9626,1.4,3.6,3.2856
12.6735,1.4,3.6,3.3899
13.4194,1.4,3.6,3.4924
14.2022,1.4,3.6,3.5927
15.0239,1.4,3.6,3.6903
15.8868,1.4,3.6,3.785
16.7931,1.4,3.6,3.876
17.7453,1.4,3.6,3.9629
18.7461,1.4,3.6,4.0451
19.7982,1.4,3.6,4.1218
20.9046,1.4,3.6,4.1924
22.0684,1.4,3.6,4.256
23.2931,1.4,3.6,4.3118
24.5822,1.4,3.6,4.3587
25.9395,1.4,3.6,4.3958
27.3691,1.4,3.6,4.4218
28.8753,1.4,3.6,4.4355
0,1.4,3.8,0
0.1952,1.4,3.8,0.0996
0.3976,1.4,3.8,0.2004
0.6078,1.4,3.8,0.3026
0.8264,1.4,3.8,0.4063
1.0539,1.4,3.8,0.5115
1.291,1.4,3.8,0.6184
1.5381,1.4,3.8,0.727
1.796,1.4,3.8,0.8373
2.0652,1.4,3.8,0.9495
2.3465,1.4,3.8,1.0635
2.6405,1.4,3.8,1.1794
2.9481,1.4,3.8,1.2972
3.2699,1.4,3.8,1.4169
3.6067,1.4,3.8,1.5386
3.9595,1.4,3.8,1.6622
4.3292,1.4,3.8,1.7877
4.7166,1.4,3.8,1.9151
5.1229,1.4,3.8,2.0443
5.549,1.4,3.8,2.1754
5.9961,1.4,3.8,2.3083
6.4654,1.4,3.8,2.4428
6.9582,1.4,3.8,2.579
7.4759,1.4,3.8,2.7167
8.0197,1.4,3.8,2.8557
8.5914,1.4,3.8,2.996
9.1924,1.4,3.8,3.1374
9.8245,1.4,3.8,3.2797
10.4895,1.4,3.8,3.4227
11.1893,1.4,3.8,3.5661
11.9261,1.4,3.8,3.7098
12.7019,1.4,3.8,3.8533
13.5192,1.4,3.8,3.9963
14.3804,1.4,3.8,4.1386
15.2882,1.4,3.8,4.2795
16.2454,1.4,3.8,4.4187
17.255,1.4,3.8,4.5556
18.3204,1.4,3.8,4.6897
19.4448,1.4,3.8,4.8201
20.6321,1.4,3.8,4.9463
21.8861,1.4,3.8,5.0674
23.2112,1.4,3.8,5.1825
24.6117,1.4,3.8,5.2906
26.0926,1.4,3.8,5.3906
27.659,1.4,3.8,5.4812
29.3166,1.4,3.8,5.561
31.0712,1.4,3.8,5.6286
32.7594,1.4,3.8,5.6774
34.4137,1.4,3.8,5.7092
36.1693,1.4,3.8,5.7261
0,1.4,4,0
0.2134,1.4,4,0.1154
0.4354,1.4,4,0.2325
0.6669,1.4,4,0.3517
0.9085,1.4,4,0.473
1.1609,1.4,4,0.5965
1.4249,1.4,4,0.7225
1.7012,1.4,4,0.8508
1.9907,1.4,4,0.9818
2.2941,1.4,4,1.1154
2.6124,1.4,4,1.2517
2.9465,1.4,4,1.3908
3.2974,1.4,4,1.5327
3.666,1.4,4,1.6775
4.0536,1.4,4,1.8253
4.4612,1.4,4,1.9759
4.89,1.4,4,2.1295
5.3414,1.4,4,2.286
5.8168,1.4,4,2.4455
6.3175,1.4,4,2.6079
6.8453,1.4,4,2.7732
7.4016,1.4,4,2.9412
7.9884,1.4,4,3.112
8.6075,1.4,4,3.2854
9.2609,1.4,4,3.4613
9.9507,1.4,4,3.6396
10.6793,1.4,4,3.82
11.4491,1.4,4,4.0024
12.2628,1.4,4,4.1866
13.1231,1.4,4,4.3721
14.0331,1.4,4,4.5587
14.9959,1.4,4,4.7461
16.015,1.4,4,4.9338
17.0942,1.4,4,5.1212
18.2373,1.4,4,5.3078
19.4487,1.4,4,5.4931
20.7329,1.4,4,5.6761
22.0949,1.4,4,5.8563
23.5398,1.4,4,6.0325
25.0734,1.4,4,6.2039
26.7019,1.4,4,6.3692
28.4317,1.4,4,6.5271
30.27,1.4,4,6.6762
32.2244,1.4,4,6.8148
34.3032,1.4,4,6.9411
36.244,1.4,4,7.0394
38.2434,1.4,4,7.1203
40.3752,1.4,4,7.185
42.6485,1.4,4,7.231
45.0733,1.4,4,7.2555
0,1.4,4.2,0
0.2311,1.4,4.2,0.1317
0.4725,1.4,4.2,0.2658
0.7249,1.4,4.2,0.4027
0.9894,1.4,4.2,0.5425
1.2668,1.4,4.2,0.6853
1.5579,1.4,4.2,0.8314
1.8639,1.4,4.2,0.9809
2.1856,1.4,4.2,1.1339
2.5242,1.4,4.2,1.2906
2.8808,1.4,4.2,1.451
3.2566,1.4,4.2,1.6153
3.6528,1.4,4.2,1.7836
4.0707,1.4,4.2,1.9559
4.5119,1.4,4.2,2.1324
4.9778,1.4,4.2,2.313
5.4699,1.4,4.2,2.4979
5.9902,1.4,4.2,2.6871
6.5403,1.4,4.2,2.8806
7.1222,1.4,4.2,3.0784
7.7381,1.4,4.2,3.2805
8.3902,1.4,4.2,3.4869
9.0809,1.4,4.2,3.6975
9.8128,1.4,4.2,3.9122
10.5886,1.4,4.2,4.1309
11.4114,1.4,4.2,4.3535
12.2843,1.4,4.2,4.5798
13.2107,1.4,4.2,4.8095
14.1943,1.4,4.2,5.0425
15.2391,1.4,4.2,5.2783
16.3494,1.4,4.2,5.5165
17.5297,1.4,4.2,5.7568
18.7849,1.4,4.2,5.9985
20.1205,1.4,4.2,6.2411
21.5422,1.4,4.2,6.4838
23.0562,1.4,4.2,6.7259
24.6692,1.4,4.2,6.9663
26.3885,1.4,4.2,7.204
28.2219,1.4,4.2,7.4378
30.1779,1.4,4.2,7.6663
32.2658,1.4,4.2,7.8878
34.4954,1.4,4.2,8.1005
36.8777,1.4,4.2,8.3024
39.1634,1.4,4.2,8.4718
41.4954,1.4,4.2,8.6199
43.993,1.4,4.2,8.752
46.6686,1.4,4.2,8.8652
49.5358,1.4,4.2,8.9562
52.6094,1.4,4.2,9.0211
55.9054,1.4,4.2,9.056
0,1.4,4.4,0
0.2484,1.4,4.4,0.1484
0.5086,1.4,4.4,0.3001
0.7818,1.4,4.4,0.4553
1.069,1.4,4.4,0.6143
1.3713,1.4,4.4,0.7773
1.6898,1.4,4.4,0.9446
2.0257,1.4,4.4,1.1163
2.3802,1.4,4.4,1.2927
2.7548,1.4,4.4,1.474
3.1507,1.4,4.4,1.6602
3.5696,1.4,4.4,1.8516
4.0129,1.4,4.4,2.0484
4.4825,1.4,4.4,2.2506
4.98,1.4,4.4,2.4585
5.5075,1.4,4.4,2.672
6.067,1.4,4.4,2.8915
6.6608,1.4,4.4,3.1168
7.2912,1.4,4.4,3.3482
7.9609,1.4,4.4,3.5856
8.6726,1.4,4.4,3.8292
9.4292,1.4,4.4,4.0789
10.234,1.4,4.4,4.3347
11.0903,1.4,4.4,4.5966
12.002,1.4,4.4,4.8645
12.9731,1.4,4.4,5.1383
14.0078,1.4,4.4,5.4177
15.1107,1.4,4.4,5.7027
16.2871,1.4,4.4,5.9928
17.5423,1.4,4.4,6.2878
18.8822,1.4,4.4,6.5872
20.3132,1.4,4.4,6.8905
21.8422,1.4,4.4,7.197
23.4769,1.4,4.4,7.5061
25.2252,1.4,4.4,7.8168
27.0961,1.4,4.4,8.1281
29.0992,1.4,4.4,8.4388
31.245,1.4,4.4,8.7475
33.5448,1.4,4.4,9.0526
36.0111,1.4,4.4,9.3523
38.6574,1.4,4.4,9.6443
41.3662,1.4,4.4,9.9132
43.9978,1.4,4.4,10.1452
46.8284,1.4,4.4,10.3634
49.874,1.4,4.4,10.5646
53.152,1.4,4.4,10.7449
56.6817,1.4,4.4,10.9002
60.4842,1.4,4.4,11.0256
64.5826,1.4,4.4,11.1158
69.0023,1.4,4.4,11.1643
0,1.4,4.6,0
0.2651,1.4,4.6,0.1654
0.5438,1.4,4.6,0.335
0.8374,1.4,4.6,0.509
1.147,1.4,4.6,0.6879
1.4741,1.4,4.6,0.8718
1.8199,1.4,4.6,1.0612
2.186,1.4,4.6,1.2563
2.5738,1.4,4.6,1.4573
2.985,1.4,4.6,1.6645
3.4213,1.4,4.6,1.8782
3.8845,1.4,4.6,2.0986
4.3767,1.4,4.6,2.3259
4.8999,1.4,4.6,2.5603
5.4564,1.4,4.6,2.8022
6.0487,1.4,4.6,3.0515
6.6794,1.4,4.6,3.3087
7.3514,1.4,4.6,3.5737
8.0676,1.4,4.6,3.8469
8.8314,1.4,4.6,4.1283
9.6464,1.4,4.6,4.418
10.5164,1.4,4.6,4.7162
11.4456,1.4,4.6,5.0229
12.4384,1.4,4.6,5.3381
13.4998,1.4,4.6,5.6618
14.6351,1.4,4.6,5.994
15.8499,1.4,4.6,6.3345
17.1505,1.4,4.6,6.6831
18.5437,1.4,4.6,7.0396
20.0369,1.4,4.6,7.4036
21.638,1.4,4.6,7.7746
23.3557,1.4,4.6,8.1521
25.1996,1.4,4.6,8.5354
27.18,1.4,4.6,8.9236
29.3082,1.4,4.6,9.3156
31.5966,1.4,4.6,9.7103
34.0586,1.4,4.6,10.1061
36.7091,1.4,4.6,10.5013
39.5641,1.4,4.6,10.8939
42.6414,1.4,4.6,11.2813
45.634,1.4,4.6,11.6235
48.7441,1.4,4.6,11.9434
52.1043,1.4,4.6,12.2503
55.736,1.4,4.6,12.5403
59.663,1.4,4.6,12.809
63.9116,1.4,4.6,13.0512
68.5107,1.4,4.6,13.2608
73.4922,1.4,4.6,13.431
78.8913,1.4,4.6,13.554
84.7472,1.4,4.6,13.6207
0,1.4,4.8,0
0.2813,1.4,4.8,0.1827
0.578,1.4,4.8,0.3704
0.8916,1.4,4.8,0.5637
1.2234,1.4,4.8,0.763
1.5751,1.4,4.8,0.9685
1.9482,1.4,4.8,1.1808
2.3446,1.4,4.8,1.4001
2.766,1.4,4.8,1.6269
3.2143,1.4,4.8,1.8614
3.6917,1.4,4.8,2.104
4.2005,1.4,4.8,2.355
4.743,1.4,4.8,2.6149
5.3218,1.4,4.8,2.8838
5.9398,1.4,4.8,3.1621
6.6,1.4,4.8,3.4501
7.3056,1.4,4.8,3.7481
8.0601,1.4,4.8,4.0564
8.8676,1.4,4.8,4.3753
9.732,1.4,4.8,4.705
10.6579,1.4,4.8,5.0457
11.6501,1.4,4.8,5.3977
12.7141,1.4,4.8,5.7611
13.8556,1.4,4.8,6.136
15.0809,1.4,4.8,6.5226
16.3968,1.4,4.8,6.9208
17.8109,1.4,4.8,7.3307
19.3312,1.4,4.8,7.752
20.9668,1.4,4.8,8.1846
22.7273,1.4,4.8,8.6282
24.6233,1.4,4.8,9.0823
26.6666,1.4,4.8,9.5464
28.8699,1.4,4.8,10.0196
31.2472,1.4,4.8,10.5011
33.8139,1.4,4.8,10.9896
36.5868,1.4,4.8,11.4836
39.5844,1.4,4.8,11.9814
42.8273,1.4,4.8,12.4808
46.338,1.4,4.8,12.9793
49.6759,1.4,4.8,13.4133
53.2769,1.4,4.8,13.8385
57.1843,1.4,4.8,14.2534
61.426,1.4,4.8,14.6535
66.0332,1.4,4.8,15.0334
71.0406,1.4,4.8,15.3871
76.4866,1.4,4.8,15.7076
82.4137,1.4,4.8,15.9864
88.8693,1.4,4.8,16.2142
95.9063,1.4,4.8,16.3796
103.5831,1.4,4.8,16.4699
0,1.4,5,0
0.297,1.4,5,0.2001
0.6112,1.4,5,0.4063
0.9443,1.4,5,0.6191
1.2979,1.4,5,0.8391
1.674,1.4,5,1.0668
2.0743,1.4,5,1.3026
2.501,1.4,5,1.5471
2.9561,1.4,5,1.8005
3.4421,1.4,5,2.0635
3.9613,1.4,5,2.3365
4.5166,1.4,5,2.6198
5.1107,1.4,5,2.914
5.7469,1.4,5,3.2195
6.4286,1.4,5,3.5367
7.1595,1.4,5,3.8661
7.9435,1.4,5,4.2081
8.785,1.4,5,4.5631
9.6887,1.4,5,4.9316
10.6599,1.4,5,5.314
11.7042,1.4,5,5.7106
12.8275,1.4,5,6.1217
14.0368,1.4,5,6.5478
15.3392,1.4,5,6.989
16.7428,1.4,5,7.4457
18.2563,1.4,5,7.918
19.8893,1.4,5,8.406
21.6523,1.4,5,8.9096
23.5569,1.4,5,9.4289
25.6156,1.4,5,9.9635
27.8424,1.4,5,10.5131
30.2527,1.4,5,11.0771
32.8633,1.4,5,11.6548
35.6928,1.4,5,12.2451
38.7617,1.4,5,12.8467
42.0928,1.4,5,13.4579
45.711,1.4,5,14.0767
49.6214,1.4,5,14.6969
53.3771,1.4,5,15.246
57.467,1.4,5,15.7935
61.9231,1.4,5,16.3353
66.7811,1.4,5,16.8664
72.0807,1.4,5,17.3809
77.8661,1.4,5,17.8721
84.1866,1.4,5,18.3317
91.0974,1.4,5,18.7502
98.6601,1.4,5,19.1165
106.9436,1.4,5,19.4173
116.0254,1.4,5,19.6371
125.9922,1.4,5,19.7577
0,1.4,5.2,0
0.3121,1.4,5.2,0.2175
0.6433,1.4,5.2,0.4423
0.9955,1.4,5.2,0.6749
1.3706,1.4,5.2,0.9161
1.7707,1.4,5.2,1.1664
2.1981,1.4,5.2,1.4263
2.655,1.4,5.2,1.6966
3.144,1.4,5.2,1.9777
3.6679,1.4,5.2,2.2702
4.2296,1.4,5.2,2.5748
4.8322,1.4,5.2,2.8919
5.4792,1.4,5.2,3.2222
6.1745,1.4,5.2,3.5663
6.922,1.4,5.2,3.9248
7.7262,1.4,5.2,4.2982
8.5919,1.4,5.2,4.6873
9.5245,1.4,5.2,5.0925
10.5297,1.4,5.2,5.5145
11.6138,1.4,5.2,5.9539
12.7837,1.4,5.2,6.4112
14.0471,1.4,5.2,6.8871
15.4121,1.4,5.2,7.3819
16.8879,1.4,5.2,7.8963
18.4845,1.4,5.2,8.4306
20.2129,1.4,5.2,8.9853
22.0852,1.4,5.2,9.5606
24.1147,1.4,5.2,10.1567
26.3161,1.4,5.2,10.7737
28.7056,1.4,5.2,11.4116
31.3013,1.4,5.2,12.07
34.1228,1.4,5.2,12.7485
37.1921,1.4,5.2,13.4464
40.5337,1.4,5.2,14.1627
44.1743,1.4,5.2,14.896
48.1442,1.4,5.2,15.6443
52.4741,1.4,5.2,16.4049
56.6475,1.4,5.2,17.0848
61.21,1.4,5.2,17.7699
66.2009,1.4,5.2,18.4561
71.664,1.4,5.2,19.1382
77.6484,1.4,5.2,19.81
84.209,1.4,5.2,20.4641
91.4077,1.4,5.2,21.0916
99.3134,1.4,5.2,21.6819
108.004,1.4,5.2,22.2223
117.5673,1.4,5.2,22.6979
128.1019,1.4,5.2,23.0906
139.7196,1.4,5.2,23.3793
152.5462,1.4,5.2,23.5386
0,1.6,3.4,0
0.1496,1.6,3.4,0.0575
0.3039,1.6,3.4,0.1155
0.4631,1.6,3.4,0.1739
0.6274,1.6,3.4,0.2329
0.7971,1.6,3.4,0.2923
0.9723,1.6,3.4,0.3522
1.1533,1.6,3.4,0.4126
1.3404,1.6,3.4,0.4735
1.5338,1.6,3.4,0.5348
1.7337,1.6,3.4,0.5965
1.9404,1.6,3.4,0.6587
2.1542,1.6,3.4,0.7212
2.3754,1.6,3.4,0.7841
2.6043,1.6,3.4,0.8474
2.8412,1.6,3.4,0.9109
3.0864,1.6,3.4,0.9747
3.3403,1.6,3.4,1.0388
3.6032,1.6,3.4,1.103
3.8755,1.6,3.4,1.1674
4.1576,1.6,3.4,1.2319
4.4499,1.6,3.4,1.2964
4.7529,1.6,3.4,1.3608
5.0669,1.6,3.4,1.4252
5.3924,1.6,3.4,1.4894
5.7299,1.6,3.4,1.5533
6.08,1.6,3.4,1.6169
6.4431,1.6,3.4,1.6801
6.8198,1.6,3.4,1.7427
7.2106,1.6,3.4,1.8047
7.6163,1.6,3.4,1.8659
8.0374,1.6,3.4,1.9262
8.4745,1.6,3.4,1.9855
8.9284,1.6,3.4,2.0436
9.3998,1.6,3.4,2.1004
9.8895,1.6,3.4,2.1556
10.3982,1.6,3.4,2.2091
10.9269,1.6,3.4,2.2607
11.4763,1.6,3.4,2.3103
12.0474,1.6,3.4,2.3574
12.6411,1.6,3.4,2.4019
13.2586,1.6,3.4,2.4436
13.9008,1.6,3.4,2.4821
14.5688,1.6,3.4,2.5172
15.2639,1.6,3.4,2.5484
15.9873,1.6,3.4,2.5755
16.7403,1.6,3.4,2.5981
17.5241,1.6,3.4,2.6157
18.3403,1.6,3.4,2.6279
19.1905,1.6,3.4,2.6343
0,1.6,3.6,0
0.17,1.6,3.6,0.0708
0.3461,1.6,3.6,0.1425
0.5285,1.6,3.6,0.2151
0.7175,1.6,3.6,0.2885
0.9133,1.6,3.6,0.3628
1.1164,1.6,3.6,0.4379
1.3271,1.6,3.6,0.514
1.5456,1.6,3.6,0.5909
1.7725,1.6,3.6,0.6686
2.0079,1.6,3.6,0.7472
2.2524,1.6,3.6,0.8267
2.5063,1.6,3.6,0.9069
2.77,1.6,3.6,0.9879
3.0441,1.6,3.6,1.0697
3.329,1.6,3.6,1.1522
3.6251,1.6,3.6,1.2354
3.933,1.6,3.6,1.3193
4.2532,1.6,3.6,1.4037
4.5863,1.6,3.6,1.4886
4.9329,1.6,3.6,1.5741
5.2936,1.6,3.6,1.6599
5.6691,1.6,3.6,1.7461
6.06,1.6,3.6,1.8324
6.4671,1.6,3.6,1.919
6.8911,1.6,3.6,2.0055
7.3328,1.6,3.6,2.092
7.7931,1.6,3.6,2.1783
8.2728,1.6,3.6,2.2642
8.7729,1.6,3.6,2.3496
9.2943,1.6,3.6,2.4343
9.8381,1.6,3.6,2.5182
10.4053,1.6,3.6,2.6011
10.9971,1.6,3.6,2.6826
11.6147,1.6,3.6,2.7627
12.2594,1.6,3.6,2.8409
12.9323,1.6,3.6,2.9171
13.6351,1.6,3.6,2.991
14.3692,1.6,3.6,3.0622
15.136,1.6,3.6,3.1303
15.9373,1.6,3.6,3.195
16.7749,1.6,3.6,3.2558
17.6505,1.6,3.6,3.3123
18.5661,1.6,3.6,3.364
19.5238,1.6,3.6,3.4104
20.5257,1.6,3.6,3.4507
21.5742,1.6,3.6,3.4845
22.6716,1.6,3.6,3.511
23.8205,1.6,3.6,3.5296
25.0238,1.6,3.6,3.5393
0,1.6,3.8,0
0.1907,1.6,3.8,0.0853
0.389,1.6,3.8,0.1719
0.5951,1.6,3.8,0.2598
0.8095,1.6,3.8,0.3492
1.0325,1.6,3.8,0.4398
1.2647,1.6,3.8,0.5319
1.5065,1.6,3.8,0.6254
1.7583,1.6,3.8,0.7203
2.0207,1.6,3.8,0.8166
2.2941,1.6,3.8,0.9144
2.5792,1.6,3.8,1.0135
2.8765,1.6,3.8,1.114
3.1865,1.6,3.8,1.2159
3.5101,1.6,3.8,1.3192
3.8477,1.6,3.8,1.4238
4.2002,1.6,3.8,1.5296
4.5682,1.6,3.8,1.6367
4.9526,1.6,3.8,1.745
5.3542,1.6,3.8,1.8544
5.7738,1.6,3.8,1.9649
6.2124,1.6,3.8,2.0764
6.671,1.6,3.8,2.1887
7.1505,1.6,3.8,2.3018
7.652,1.6,3.8,2.4156
8.1767,1.6,3.8,2.53
8.7258,1.6,3.8,2.6447
9.3005,1.6,3.8,2.7596
9.9023,1.6,3.8,2.8746
10.5324,1.6,3.8,2.9894
11.1926,1.6,3.8,3.1038
11.8842,1.6,3.8,3.2176
12.6091,1.6,3.8,3.3304
13.3689,1.6,3.8,3.4421
14.1657,1.6,3.8,3.5522
15.0014,1.6,3.8,3.6603
15.8782,1.6,3.8,3.7662
16.7982,1.6,3.8,3.8692
17.764,1.6,3.8,3.969
18.778,1.6,3.8,4.065
19.843,1.6,3.8,4.1567
20.9619,1.6,3.8,4.2432
22.1376,1.6,3.8,4.3241
23.3735,1.6,3.8,4.3984
24.673,1.6,3.8,4.4654
26.0398,1.6,3.8,4.5241
27.4779,1.6,3.8,4.5734
28.9913,1.6,3.8,4.6124
30.5845,1.6,3.8,4.6398
32.0602,1.6,3.8,4.6524
0,1.6,4,0
0.2113,1.6,4,0.1006
0.4317,1.6,4,0.2031
0.6617,1.6,4,0.3075
0.9018,1.6,4,0.414
1.1525,1.6,4,0.5224
1.4145,1.6,4,0.6329
1.6884,1.6,4,0.7454
1.9747,1.6,4,0.8601
2.2742,1.6,4,0.9769
2.5876,1.6,4,1.0959
2.9156,1.6,4,1.2169
3.2589,1.6,4,1.3402
3.6185,1.6,4,1.4656
3.9952,1.6,4,1.5932
4.3899,1.6,4,1.7229
4.8037,1.6,4,1.8546
5.2375,1.6,4,1.9885
5.6924,1.6,4,2.1244
6.1697,1.6,4,2.2622
6.6705,1.6,4,2.4019
7.1962,1.6,4,2.5435
7.7481,1.6,4,2.6867
8.3278,1.6,4,2.8316
8.9367,1.6,4,2.9779
9.5765,1.6,4,3.1255
10.2491,1.6,4,3.2742
10.9562,1.6,4,3.4239
11.6999,1.6,4,3.5743
12.4822,1.6,4,3.7251
13.3054,1.6,4,3.8761
14.172,1.6,4,4.0269
15.0844,1.6,4,4.1772
16.0454,1.6,4,4.3266
17.0579,1.6,4,4.4745
18.1249,1.6,4,4.6206
19.2498,1.6,4,4.7642
20.436,1.6,4,4.9047
21.6874,1.6,4,5.0414
23.0078,1.6,4,5.1736
24.4017,1.6,4,5.3004
25.8736,1.6,4,5.4208
27.4283,1.6,4,5.5338
29.0711,1.6,4,5.6382
30.8077,1.6,4,5.7328
32.6441,1.6,4,5.8161
34.5037,1.6,4,5.8836
36.1922,1.6,4,5.9296
37.983,1.6,4,5.9621
39.8824,1.6,4,5.9793
0,1.6,4.2,0
0.2315,1.6,4.2,0.1166
0.4739,1.6,4.2,0.2358
0.7276,1.6,4.2,0.3577
0.9935,1.6,4.2,0.4822
1.2723,1.6,4.2,0.6096
1.5646,1.6,4.2,0.7398
1.8712,1.6,4.2,0.8729
2.1931,1.6,4.2,1.0089
2.531,1.6,4.2,1.148
2.8858,1.6,4.2,1.2901
3.2587,1.6,4.2,1.4353
3.6506,1.6,4.2,1.5837
4.0625,1.6,4.2,1.7352
4.4958,1.6,4.2,1.8898
4.9516,1.6,4.2,2.0476
5.4313,1.6,4.2,2.2086
5.9362,1.6,4.2,2.3727
6.4679,1.6,4.2,2.54
7.028,1.6,4.2,2.7103
7.6181,1.6,4.2,2.8836
8.2401,1.6,4.2,3.0599
8.8958,1.6,4.2,3.239
9.5874,1.6,4.2,3.4209
10.317,1.6,4.2,3.6053
11.087,1.6,4.2,3.7922
11.8999,1.6,4.2,3.9813
12.7582,1.6,4.2,4.1723
13.665,1.6,4.2,4.3651
14.6231,1.6,4.2,4.5593
15.6359,1.6,4.2,4.7546
16.7068,1.6,4.2,4.9505
17.8396,1.6,4.2,5.1466
19.0383,1.6,4.2,5.3424
20.3071,1.6,4.2,5.5373
21.6507,1.6,4.2,5.7305
23.074,1.6,4.2,5.9214
24.5821,1.6,4.2,6.1091
26.181,1.6,4.2,6.2926
27.8765,1.6,4.2,6.4709
29.6754,1.6,4.2,6.6427
31.5846,1.6,4.2,6.8067
33.6118,1.6,4.2,6.9615
35.7651,1.6,4.2,7.1052
37.8884,1.6,4.2,7.2267
39.9089,1.6,4.2,7.323
42.0613,1.6,4.2,7.405
44.3542,1.6,4.2,7.4705
46.7974,1.6,4.2,7.5171
49.4012,1.6,4.2,7.5419
0,1.6,4.4,0
0.2513,1.6,4.4,0.1332
0.5153,1.6,4.4,0.2698
0.7928,1.6,4.4,0.4098
1.0845,1.6,4.4,0.5534
1.3913,1.6,4.4,0.7007
1.7143,1.6,4.4,0.8518
2.0543,1.6,4.4,1.0068
2.4124,1.6,4.4,1.1658
2.7898,1.6,4.4,1.3288
3.1877,1.6,4.4,1.496
3.6072,1.6,4.4,1.6674
4.0498,1.6,4.4,1.8431
4.5169,1.6,4.4,2.0232
5.0099,1.6,4.4,2.2077
5.5307,1.6,4.4,2.3967
6.0808,1.6,4.4,2.5901
6.6621,1.6,4.4,2.7881
7.2767,1.6,4.4,2.9906
7.9267,1.6,4.4,3.1976
8.6143,1.6,4.4,3.4091
9.3419,1.6,4.4,3.625
10.1122,1.6,4.4,3.8452
10.928,1.6,4.4,4.0697
11.7922,1.6,4.4,4.2983
12.708,1.6,4.4,4.5308
13.6789,1.6,4.4,4.7671
14.7086,1.6,4.4,5.0068
15.8011,1.6,4.4,5.2497
16.9605,1.6,4.4,5.4955
18.1916,1.6,4.4,5.7437
19.4992,1.6,4.4,5.9937
20.8886,1.6,4.4,6.2452
22.3655,1.6,4.4,6.4973
23.9362,1.6,4.4,6.7494
25.6072,1.6,4.4,7.0005
27.3858,1.6,4.4,7.2498
29.2796,1.6,4.4,7.496
31.2971,1.6,4.4,7.738
33.4472,1.6,4.4,7.9741
35.7398,1.6,4.4,8.2029
38.1855,1.6,4.4,8.4224
40.6796,1.6,4.4,8.6213
43.0157,1.6,4.4,8.7842
45.5147,1.6,4.4,8.9335
48.1884,1.6,4.4,9.0666
51.0497,1.6,4.4,9.1805
54.1125,1.6,4.4,9.2719
57.392,1.6,4.4,9.3371
60.9049,1.6,4.4,9.3721
0,1.6,4.6,0
0.2707,1.6,4.6,0.1502
0.556,1.6,4.6,0.3047
0.8568,1.6,4.6,0.4637
1.1742,1.6,4.6,0.6271
1.5092,1.6,4.6,0.7953
1.863,1.6,4.6,0.9684
2.2368,1.6,4.6,1.1465
2.6319,1.6,4.6,1.3297
3.0498,1.6,4.6,1.5183
3.4918,1.6,4.6,1.7123
3.9597,1.6,4.6,1.9119
4.455,1.6,4.6,2.1173
4.9797,1.6,4.6,2.3284
5.5357,1.6,4.6,2.5455
6.125,1.6,4.6,2.7686
6.75,1.6,4.6,2.9978
7.4129,1.6,4.6,3.2332
8.1164,1.6,4.6,3.4749
8.8633,1.6,4.6,3.7228
9.6566,1.6,4.6,3.9771
10.4993,1.6,4.6,4.2377
11.3951,1.6,4.6,4.5045
12.3475,1.6,4.6,4.7775
13.3606,1.6,4.6,5.0566
14.4386,1.6,4.6,5.3417
15.5863,1.6,4.6,5.6325
16.8086,1.6,4.6,5.9288
18.1109,1.6,4.6,6.2303
19.499,1.6,4.6,6.5365
20.9793,1.6,4.6,6.8471
22.5585,1.6,4.6,7.1614
24.2441,1.6,4.6,7.4788
26.044,1.6,4.6,7.7984
27.9669,1.6,4.6,8.1195
30.0222,1.6,4.6,8.4409
32.2201,1.6,4.6,8.7613
34.5717,1.6,4.6,9.0793
37.0889,1.6,4.6,9.3932
39.785,1.6,4.6,9.7012
42.674,1.6,4.6,10.001
45.3575,1.6,4.6,10.2515
48.1675,1.6,4.6,10.4844
51.1864,1.6,4.6,10.7033
54.4304,1.6,4.6,10.9048
57.9176,1.6,4.6,11.0853
61.6674,1.6,4.6,11.2405
65.7014,1.6,4.6,11.3656
70.0431,1.6,4.6,11.4554
74.7182,1.6,4.6,11.5038
0,1.6,4.8,0
0.2896,1.6,4.8,0.1676
0.5958,1.6,4.8,0.3405
0.9197,1.6,4.8,0.5188
1.2625,1.6,4.8,0.7028
1.6256,1.6,4.8,0.8927
2.0104,1.6,4.8,1.0887
2.4182,1.6,4.8,1.291
2.8509,1.6,4.8,1.4999
3.3099,1.6,4.8,1.7154
3.7973,1.6,4.8,1.938
4.3149,1.6,4.8,2.1677
4.8649,1.6,4.8,2.4047
5.4495,1.6,4.8,2.6492
6.0712,1.6,4.8,2.9015
6.7326,1.6,4.8,3.1617
7.4366,1.6,4.8,3.43
8.1861,1.6,4.8,3.7064
8.9845,1.6,4.8,3.9912
9.8353,1.6,4.8,4.2845
10.7423,1.6,4.8,4.5863
11.7097,1.6,4.8,4.8968
12.7419,1.6,4.8,5.2159
13.8438,1.6,4.8,5.5436
15.0205,1.6,4.8,5.88
16.2777,1.6,4.8,6.2248
17.6215,1.6,4.8,6.578
19.0586,1.6,4.8,6.9393
20.5962,1.6,4.8,7.3083
22.242,1.6,4.8,7.6848
24.0047,1.6,4.8,8.0682
25.8934,1.6,4.8,8.4578
27.9181,1.6,4.8,8.853
30.0898,1.6,4.8,9.2527
32.4205,1.6,4.8,9.656
34.9231,1.6,4.8,10.0615
37.6118,1.6,4.8,10.4676
40.5021,1.6,4.8,10.8726
43.6109,1.6,4.8,11.2743
46.8344,1.6,4.8,11.6557
49.9012,1.6,4.8,11.9854
53.2089,1.6,4.8,12.3051
56.7773,1.6,4.8,12.6116
60.6285,1.6,4.8,12.9008
64.7864,1.6,4.8,13.1683
69.2776,1.6,4.8,13.409
74.1313,1.6,4.8,13.617
79.3797,1.6,4.8,13.7857
85.0583,1.6,4.8,13.9073
91.2061,1.6,4.8,13.9731
0,1.6,5,0
0.308,1.6,5,0.1853
0.6346,1.6,5,0.3769
0.9812,1.6,5,0.5751
1.3492,1.6,5,0.7802
1.7403,1.6,5,0.9925
2.156,1.6,5,1.2122
2.5981,1.6,5,1.4397
3.0686,1.6,5,1.6753
3.5696,1.6,5,1.9193
4.1032,1.6,5,2.1719
4.6719,1.6,5,2.4334
5.2782,1.6,5,2.7042
5.9249,1.6,5,2.9844
6.6151,1.6,5,3.2745
7.3519,1.6,5,3.5747
8.1389,1.6,5,3.8852
8.9798,1.6,5,4.2063
9.8789,1.6,5,4.5382
10.8405,1.6,5,4.8812
11.8694,1.6,5,5.2354
12.971,1.6,5,5.6011
14.1508,1.6,5,5.9783
15.415,1.6,5,6.3672
16.7704,1.6,5,6.7678
18.2242,1.6,5,7.1801
19.7844,1.6,5,7.6039
21.4596,1.6,5,8.0392
23.2593,1.6,5,8.4856
25.1937,1.6,5,8.9428
27.2741,1.6,5,9.4104
29.5128,1.6,5,9.8875
31.9231,1.6,5,10.3735
34.5198,1.6,5,10.8672
37.3191,1.6,5,11.3674
40.3384,1.6,5,11.8726
43.5973,1.6,5,12.381
47.1169,1.6,5,12.8902
50.6702,1.6,5,13.3643
54.1946,1.6,5,13.7949
58.011,1.6,5,14.2184
62.1451,1.6,5,14.631
66.6254,1.6,5,15.0282
71.4832,1.6,5,15.4048
76.7534,1.6,5,15.7548
82.4743,1.6,5,16.0712
88.6886,1.6,5,16.3462
95.4436,1.6,5,16.5702
102.7918,1.6,5,16.7327
110.7913,1.6,5,16.8211
0,1.6,5.2,0
0.3258,1.6,5.2,0.2031
0.6724,1.6,5.2,0.4137
1.0413,1.6,5.2,0.6321
1.4342,1.6,5.2,0.8588
1.853,1.6,5.2,1.0941
2.2996,1.6,5.2,1.3384
2.7761,1.6,5.2,1.592
3.2848,1.6,5.2,1.8554
3.8282,1.6,5.2,2.1289
4.4089,1.6,5.2,2.4131
5.0298,1.6,5.2,2.7081
5.6939,1.6,5.2,3.0145
6.4048,1.6,5.2,3.3327
7.1659,1.6,5.2,3.6631
7.9813,1.6,5.2,4.0061
8.8552,1.6,5.2,4.362
9.7923,1.6,5.2,4.7313
10.7977,1.6,5.2,5.1143
11.8769,1.6,5.2,5.5114
13.0358,1.6,5.2,5.923
14.281,1.6,5.2,6.3494
15.6196,1.6,5.2,6.7908
17.0594,1.6,5.2,7.2474
18.6089,1.6,5.2,7.7196
20.2773,1.6,5.2,8.2072
22.0747,1.6,5.2,8.7105
24.0123,1.6,5.2,9.2293
26.1022,1.6,5.2,9.7636
28.3577,1.6,5.2,10.3128
30.7935,1.6,5.2,10.8768
33.4255,1.6,5.2,11.4546
36.2715,1.6,5.2,12.0457
39.3509,1.6,5.2,12.6487
42.685,1.6,5.2,13.2623
46.2974,1.6,5.2,13.8847
50.2141,1.6,5.2,14.5138
54.1545,1.6,5.2,15.1008
58.1307,1.6,5.2,15.647
62.453,1.6,5.2,16.1906
67.1537,1.6,5.2,16.7277
72.2685,1.6,5.2,17.2532
77.8373,1.6,5.2,17.7613
83.9042,1.6,5.2,18.2454
90.5183,1.6,5.2,18.6976
97.7345,1.6,5.2,19.1084
105.6138,1.6,5.2,19.4672
114.2245,1.6,5.2,19.7612
123.6428,1.6,5.2,19.9755
133.954,1.6,5.2,20.0928
0,1.8,3.4,0
0.141,1.8,3.4,0.0461
0.286,1.8,3.4,0.0924
0.4353,1.8,3.4,0.1391
0.589,1.8,3.4,0.186
0.7472,1.8,3.4,0.2332
0.9101,1.8,3.4,0.2807
1.0778,1.8,3.4,0.3284
1.2506,1.8,3.4,0.3763
1.4285,1.8,3.4,0.4244
1.6119,1.8,3.4,0.4728
1.8007,1.8,3.4,0.5213
1.9954,1.8,3.4,0.5699
2.196,1.8,3.4,0.6187
2.4028,1.8,3.4,0.6675
2.6159,1.8,3.4,0.7164
2.8357,1.8,3.4,0.7653
3.0623,1.8,3.4,0.8143
3.296,1.8,3.4,0.8632
3.537,1.8,3.4,0.912
3.7857,1.8,3.4,0.9606
4.0422,1.8,3.4,1.0091
4.3068,1.8,3.4,1.0574
4.5799,1.8,3.4,1.1054
4.8618,1.8,3.4,1.1531
5.1527,1.8,3.4,1.2004
5.453,1.8,3.4,1.2472
5.7631,1.8,3.4,1.2935
6.0832,1.8,3.4,1.3392
6.4139,1.8,3.4,1.3842
6.7554,1.8,3.4,1.4284
7.1081,1.8,3.4,1.4718
7.4725,1.8,3.4,1.5143
7.849,1.8,3.4,1.5557
8.2381,1.8,3.4,1.596
8.6402,1.8,3.4,1.635
9.0559,1.8,3.4,1.6726
9.4856,1.8,3.4,1.7086
9.9299,1.8,3.4,1.7431
10.3892,1.8,3.4,1.7757
10.8643,1.8,3.4,1.8063
11.3558,1.8,3.4,1.8349
11.8641,1.8,3.4,1.8611
12.3901,1.8,3.4,1.8848
12.9343,1.8,3.4,1.9059
13.4976,1.8,3.4,1.924
14.0806,1.8,3.4,1.9391
14.6842,1.8,3.4,1.9507
15.3091,1.8,3.4,1.9588
15.9562,1.8,3.4,1.963
0,1.8,3.6,0
0.1632,1.8,3.6,0.0584
0.3317,1.8,3.6,0.1173
0.5058,1.8,3.6,0.1768
0.6856,1.8,3.6,0.237
0.8715,1.8,3.6,0.2976
1.0637,1.8,3.6,0.3589
1.2623,1.8,3.6,0.4206
1.4676,1.8,3.6,0.4829
1.68,1.8,3.6,0.5457
1.8997,1.8,3.6,0.609
2.1269,1.8,3.6,0.6727
2.362,1.8,3.6,0.7368
2.6052,1.8,3.6,0.8014
2.8569,1.8,3.6,0.8663
3.1175,1.8,3.6,0.9316
3.3873,1.8,3.6,0.9971
3.6666,1.8,3.6,1.0629
3.9558,1.8,3.6,1.1289
4.2554,1.8,3.6,1.1951
4.5657,1.8,3.6,1.2613
4.8872,1.8,3.6,1.3276
5.2203,1.8,3.6,1.3938
5.5655,1.8,3.6,1.46
5.9233,1.8,3.6,1.5259
6.2943,1.8,3.6,1.5916
6.6789,1.8,3.6,1.657
7.0777,1.8,3.6,1.7218
7.4913,1.8,3.6,1.7861
7.9204,1.8,3.6,1.8498
8.3655,1.8,3.6,1.9126
8.8274,1.8,3.6,1.9745
9.3068,1.8,3.6,2.0353
9.8043,1.8,3.6,2.0949
10.3209,1.8,3.6,2.1531
10.8572,1.8,3.6,2.2097
11.4141,1.8,3.6,2.2645
11.9926,1.8,3.6,2.3174
12.5936,1.8,3.6,2.3681
13.218,1.8,3.6,2.4163
13.8668,1.8,3.6,2.4619
14.5412,1.8,3.6,2.5045
15.2423,1.8,3.6,2.5439
15.9713,1.8,3.6,2.5797
16.7293,1.8,3.6,2.6116
17.5178,1.8,3.6,2.6392
18.3381,1.8,3.6,2.6622
19.1916,1.8,3.6,2.6802
20.0798,1.8,3.6,2.6927
21.0044,1.8,3.6,2.6991
0,1.8,3.8,0
0.1858,1.8,3.8,0.0719
0.3785,1.8,3.8,0.1448
0.5783,1.8,3.8,0.2187
0.7855,1.8,3.8,0.2936
1.0004,1.8,3.8,0.3694
1.2234,1.8,3.8,0.4462
1.4548,1.8,3.8,0.5239
1.6949,1.8,3.8,0.6026
1.9443,1.8,3.8,0.6822
2.2031,1.8,3.8,0.7627
2.472,1.8,3.8,0.844
2.7512,1.8,3.8,0.9263
3.0413,1.8,3.8,1.0093
3.3427,1.8,3.8,1.0932
3.6559,1.8,3.8,1.1778
3.9815,1.8,3.8,1.2631
4.32,1.8,3.8,1.3491
4.672,1.8,3.8,1.4356
5.0381,1.8,3.8,1.5227
5.4188,1.8,3.8,1.6103
5.8149,1.8,3.8,1.6983
6.2271,1.8,3.8,1.7866
6.6561,1.8,3.8,1.8751
7.1026,1.8,3.8,1.9638
7.5675,1.8,3.8,2.0524
8.0516,1.8,3.8,2.1409
8.5558,1.8,3.8,2.2292
9.081,1.8,3.8,2.3171
9.6282,1.8,3.8,2.4045
10.1985,1.8,3.8,2.4911
10.7929,1.8,3.8,2.5768
11.4126,1.8,3.8,2.6614
12.0587,1.8,3.8,2.7446
12.7326,1.8,3.8,2.8263
13.4356,1.8,3.8,2.9061
14.169,1.8,3.8,2.9838
14.9343,1.8,3.8,3.059
15.7332,1.8,3.8,3.1314
16.5673,1.8,3.8,3.2007
17.4382,1.8,3.8,3.2665
18.3479,1.8,3.8,3.3283
19.2982,1.8,3.8,3.3857
20.2912,1.8,3.8,3.4381
21.329,1.8,3.8,3.4851
22.414,1.8,3.8,3.526
23.5485,1.8,3.8,3.5602
24.7351,1.8,3.8,3.587
25.9764,1.8,3.8,3.6057
27.2753,1.8,3.8,3.6155
0,1.8,4,0
0.2089,1.8,4,0.0866
0.4262,1.8,4,0.1748
0.6524,1.8,4,0.2644
0.8878,1.8,4,0.3554
1.1329,1.8,4,0.448
1.3881,1.8,4,0.5421
1.654,1.8,4,0.6376
1.931,1.8,4,0.7347
2.2196,1.8,4,0.8332
2.5204,1.8,4,0.9333
2.834,1.8,4,1.0347
3.161,1.8,4,1.1377
3.502,1.8,4,1.242
3.8578,1.8,4,1.3477
4.229,1.8,4,1.4548
4.6163,1.8,4,1.5632
5.0206,1.8,4,1.6729
5.4427,1.8,4,1.7837
5.8834,1.8,4,1.8957
6.3437,1.8,4,2.0087
6.8246,1.8,4,2.1226
7.3271,1.8,4,2.2375
7.8522,1.8,4,2.3531
8.4011,1.8,4,2.4693
8.975,1.8,4,2.586
9.5752,1.8,4,2.7031
10.2031,1.8,4,2.8203
10.8599,1.8,4,2.9375
11.5473,1.8,4,3.0544
12.2668,1.8,4,3.1709
13.0201,1.8,4,3.2866
13.8089,1.8,4,3.4014
14.6352,1.8,4,3.5148
15.5009,1.8,4,3.6266
16.4082,1.8,4,3.7363
17.3592,1.8,4,3.8436
18.3563,1.8,4,3.948
19.4021,1.8,4,4.049
20.4991,1.8,4,4.1461
21.6502,1.8,4,4.2387
22.8583,1.8,4,4.3261
24.1268,1.8,4,4.4077
25.4588,1.8,4,4.4826
26.8581,1.8,4,4.55
28.3284,1.8,4,4.609
29.8737,1.8,4,4.6586
31.4984,1.8,4,4.6978
33.2036,1.8,4,4.7251
34.6334,1.8,4,4.7366
0,1.8,4.2,0
0.2318,1.8,4.2,0.1023
0.4738,1.8,4.2,0.2066
0.7265,1.8,4.2,0.313
0.9906,1.8,4.2,0.4215
1.2664,1.8,4.2,0.5322
1.5547,1.8,4.2,0.645
1.8562,1.8,4.2,0.7601
2.1713,1.8,4.2,0.8773
2.501,1.8,4.2,0.9967
2.8458,1.8,4.2,1.1184
3.2067,1.8,4.2,1.2423
3.5844,1.8,4.2,1.3684
3.9797,1.8,4.2,1.4966
4.3938,1.8,4.2,1.6271
4.8274,1.8,4.2,1.7597
5.2817,1.8,4.2,1.8944
5.7577,1.8,4.2,2.0312
6.2567,1.8,4.2,2.17
6.7798,1.8,4.2,2.3107
7.3283,1.8,4.2,2.4533
7.9036,1.8,4.2,2.5977
8.5072,1.8,4.2,2.7438
9.1406,1.8,4.2,2.8914
9.8055,1.8,4.2,3.0404
10.5035,1.8,4.2,3.1906
11.2366,1.8,4.2,3.3418
12.0067,1.8,4.2,3.494
12.8159,1.8,4.2,3.6467
13.6663,1.8,4.2,3.7997
14.5604,1.8,4.2,3.9528
15.5006,1.8,4.2,4.1056
16.4896,1.8,4.2,4.2577
17.5301,1.8,4.2,4.4087
18.6253,1.8,4.2,4.5582
19.7783,1.8,4.2,4.7057
20.9926,1.8,4.2,4.8505
22.2716,1.8,4.2,4.992
23.6195,1.8,4.2,5.1296
25.0401,1.8,4.2,5.2625
26.5381,1.8,4.2,5.3898
28.118,1.8,4.2,5.5106
29.785,1.8,4.2,5.6239
31.5443,1.8,4.2,5.7284
33.4018,1.8,4.2,5.823
35.3636,1.8,4.2,5.9062
37.1987,1.8,4.2,5.9685
38.9671,1.8,4.2,6.0135
40.8408,1.8,4.2,6.0453
42.8262,1.8,4.2,6.0621
0,1.8,4.4,0
0.2544,1.8,4.4,0.1186
0.521,1.8,4.4,0.24
0.8003,1.8,4.4,0.3642
1.0932,1.8,4.4,0.4912
1.4002,1.8,4.4,0.6213
1.7222,1.8,4.4,0.7542
2.06,1.8,4.4,0.8903
2.4145,1.8,4.4,1.0293
2.7866,1.8,4.4,1.1715
3.1773,1.8,4.4,1.3168
3.5877,1.8,4.4,1.4653
4.0187,1.8,4.4,1.6169
4.4716,1.8,4.4,1.7717
4.9476,1.8,4.4,1.9297
5.4481,1.8,4.4,2.0909
5.9744,1.8,4.4,2.2552
6.528,1.8,4.4,2.4226
7.1105,1.8,4.4,2.5932
7.7235,1.8,4.4,2.7668
8.3688,1.8,4.4,2.9433
9.0484,1.8,4.4,3.1228
9.7642,1.8,4.4,3.305
10.5184,1.8,4.4,3.4898
11.3133,1.8,4.4,3.6771
12.1512,1.8,4.4,3.8667
13.0349,1.8,4.4,4.0584
13.9671,1.8,4.4,4.252
14.9507,1.8,4.4,4.4471
15.9888,1.8,4.4,4.6435
17.085,1.8,4.4,4.8407
18.2427,1.8,4.4,5.0384
19.4659,1.8,4.4,5.2361
20.7586,1.8,4.4,5.4332
22.1253,1.8,4.4,5.6292
23.5707,1.8,4.4,5.8233
25.0998,1.8,4.4,6.0149
26.7182,1.8,4.4,6.203
28.4315,1.8,4.4,6.3867
30.2461,1.8,4.4,6.5649
32.1686,1.8,4.4,6.7365
34.2063,1.8,4.4,6.9001
36.3668,1.8,4.4,7.0542
38.6585,1.8,4.4,7.1972
40.7556,1.8,4.4,7.3093
42.8641,1.8,4.4,7.4032
45.1074,1.8,4.4,7.4831
47.4944,1.8,4.4,7.5469
50.0345,1.8,4.4,7.5921
52.7379,1.8,4.4,7.6162
0,1.8,4.6,0
0.2767,1.8,4.6,0.1356
0.5676,1.8,4.6,0.2747
0.8734,1.8,4.6,0.4175
1.1951,1.8,4.6,0.5641
1.5335,1.8,4.6,0.7145
1.8896,1.8,4.6,0.8689
2.2646,1.8,4.6,1.0273
2.6594,1.8,4.6,1.1898
3.0752,1.8,4.6,1.3564
3.5134,1.8,4.6,1.5272
3.9752,1.8,4.6,1.7024
4.462,1.8,4.6,1.8819
4.9754,1.8,4.6,2.0658
5.517,1.8,4.6,2.2541
6.0884,1.8,4.6,2.4469
6.6916,1.8,4.6,2.6441
7.3284,1.8,4.6,2.8458
8.001,1.8,4.6,3.052
8.7115,1.8,4.6,3.2626
9.4624,1.8,4.6,3.4776
10.2561,1.8,4.6,3.6969
11.0954,1.8,4.6,3.9204
11.9832,1.8,4.6,4.148
12.9227,1.8,4.6,4.3796
13.917,1.8,4.6,4.6149
14.9699,1.8,4.6,4.8538
16.085,1.8,4.6,5.0959
17.2666,1.8,4.6,5.341
18.5191,1.8,4.6,5.5886
19.847,1.8,4.6,5.8384
21.2556,1.8,4.6,6.0898
22.7503,1.8,4.6,6.3422
24.3369,1.8,4.6,6.5951
26.0218,1.8,4.6,6.8475
27.8117,1.8,4.6,7.0987
29.714,1.8,4.6,7.3477
31.7365,1.8,4.6,7.5933
33.8878,1.8,4.6,7.8342
36.177,1.8,4.6,8.0691
38.6141,1.8,4.6,8.2963
41.2097,1.8,4.6,8.514
43.6905,1.8,4.6,8.6988
46.1213,1.8,4.6,8.8572
48.7181,1.8,4.6,9.0022
51.4924,1.8,4.6,9.1312
54.4569,1.8,4.6,9.2415
57.6253,1.8,4.6,9.3299
61.0125,1.8,4.6,9.3928
64.6346,1.8,4.6,9.4265
0,1.8,4.8,0
0.2986,1.8,4.8,0.153
0.6135,1.8,4.8,0.3105
0.9456,1.8,4.8,0.4727
1.2961,1.8,4.8,0.6396
1.666,1.8,4.8,0.8115
2.0566,1.8,4.8,0.9883
2.4692,1.8,4.8,1.1704
2.9051,1.8,4.8,1.3577
3.3658,1.8,4.8,1.5504
3.8528,1.8,4.8,1.7487
4.3679,1.8,4.8,1.9525
4.9129,1.8,4.8,2.1622
5.4896,1.8,4.8,2.3776
6.1,1.8,4.8,2.599
6.7465,1.8,4.8,2.8264
7.4313,1.8,4.8,3.0598
8.1569,1.8,4.8,3.2994
8.9261,1.8,4.8,3.5452
9.7417,1.8,4.8,3.7971
10.6068,1.8,4.8,4.0551
11.5247,1.8,4.8,4.3193
12.4991,1.8,4.8,4.5896
13.5338,1.8,4.8,4.8659
14.6328,1.8,4.8,5.148
15.8008,1.8,4.8,5.4358
17.0423,1.8,4.8,5.729
18.3627,1.8,4.8,6.0274
19.7674,1.8,4.8,6.3306
21.2624,1.8,4.8,6.6383
22.8543,1.8,4.8,6.9498
24.5499,1.8,4.8,7.2647
26.3569,1.8,4.8,7.5822
28.2833,1.8,4.8,7.9016
30.3381,1.8,4.8,8.2218
32.5306,1.8,4.8,8.5419
34.8714,1.8,4.8,8.8605
37.3715,1.8,4.8,9.1763
40.0431,1.8,4.8,9.4875
42.8994,1.8,4.8,9.7922
45.8743,1.8,4.8,10.0806
48.5915,1.8,4.8,10.3175
51.5055,1.8,4.8,10.5433
54.6311,1.8,4.8,10.755
57.9842,1.8,4.8,10.9497
61.5824,1.8,4.8,11.1237
65.4447,1.8,4.8,11.273
69.592,1.8,4.8,11.3933
74.047,1.8,4.8,11.4794
78.8348,1.8,4.8,11.5257
0,1.8,5,0
0.32,1.8,5,0.1708
0.6585,1.8,5,0.3472
1.0166,1.8,5,0.5293
1.3957,1.8,5,0.7173
1.7972,1.8,5,0.9114
2.2224,1.8,5,1.1118
2.673,1.8,5,1.3186
3.1506,1.8,5,1.5321
3.6571,1.8,5,1.7525
4.1943,1.8,5,1.9798
4.7644,1.8,5,2.2143
5.3695,1.8,5,2.4562
6.012,1.8,5,2.7057
6.6946,1.8,5,2.9628
7.4198,1.8,5,3.2278
8.1908,1.8,5,3.5007
9.0106,1.8,5,3.7818
9.8827,1.8,5,4.071
10.8108,1.8,5,4.3686
11.7988,1.8,5,4.6745
12.851,1.8,5,4.9887
13.9721,1.8,5,5.3114
15.167,1.8,5,5.6424
16.4412,1.8,5,5.9816
17.8003,1.8,5,6.329
19.2509,1.8,5,6.6842
20.7995,1.8,5,7.0471
22.4537,1.8,5,7.4174
24.2215,1.8,5,7.7944
26.1114,1.8,5,8.1779
28.1329,1.8,5,8.567
30.2962,1.8,5,8.961
32.6125,1.8,5,9.3589
35.0937,1.8,5,9.7596
37.753,1.8,5,10.1619
40.6047,1.8,5,10.5641
43.6644,1.8,5,10.9644
46.9491,1.8,5,11.3608
50.1696,1.8,5,11.7168
53.3463,1.8,5,12.0358
56.7665,1.8,5,12.3447
60.4496,1.8,5,12.6402
64.4169,1.8,5,12.9186
68.6918,1.8,5,13.1756
73.3,1.8,5,13.4064
78.2698,1.8,5,13.6054
83.6322,1.8,5,13.7665
89.4213,1.8,5,13.8824
95.6746,1.8,5,13.945
0,1.8,5.2,0
0.3409,1.8,5.2,0.189
0.7026,1.8,5.2,0.3846
1.0864,1.8,5.2,0.5872
1.494,1.8,5.2,0.7969
1.9269,1.8,5.2,1.014
2.3868,1.8,5.2,1.2388
2.8758,1.8,5.2,1.4715
3.3957,1.8,5.2,1.7124
3.9487,1.8,5.2,1.9617
4.5372,1.8,5.2,2.2198
5.1638,1.8,5.2,2.4868
5.831,1.8,5.2,2.7631
6.5418,1.8,5.2,3.0489
7.2994,1.8,5.2,3.3444
8.1071,1.8,5.2,3.6499
8.9686,1.8,5.2,3.9656
9.8879,1.8,5.2,4.2917
10.8693,1.8,5.2,4.6285
11.9172,1.8,5.2,4.976
13.0369,1.8,5.2,5.3346
14.2335,1.8,5.2,5.7042
15.5132,1.8,5.2,6.0851
16.8821,1.8,5.2,6.4771
18.3472,1.8,5.2,6.8804
19.916,1.8,5.2,7.2948
21.5966,1.8,5.2,7.7203
23.3979,1.8,5.2,8.1565
25.3295,1.8,5.2,8.6032
27.4019,1.8,5.2,9.06
29.6264,1.8,5.2,9.5263
32.0156,1.8,5.2,10.0014
34.583,1.8,5.2,10.4844
37.3435,1.8,5.2,10.9743
40.3133,1.8,5.2,11.4697
43.5101,1.8,5.2,11.969
46.9533,1.8,5.2,12.4705
50.6642,1.8,5.2,12.9719
54.2041,1.8,5.2,13.413
57.8473,1.8,5.2,13.8288
61.7847,1.8,5.2,14.2371
66.0412,1.8,5.2,14.634
70.6444,1.8,5.2,15.0153
75.6246,1.8,5.2,15.376
81.0154,1.8,5.2,15.7106
86.8537,1.8,5.2,16.0125
93.1806,1.8,5.2,16.2741
100.0411,1.8,5.2,16.4867
107.4854,1.8,5.2,16.6406
115.5687,1.8,5.2,16.7241
0,2,3.4,0
0.1293,2,3.4,0.0353
0.2619,2,3.4,0.0707
0.3979,2,3.4,0.1062
0.5374,2,3.4,0.1418
0.6804,2,3.4,0.1776
0.8271,2,3.4,0.2133
0.9776,2,3.4,0.2492
1.132,2,3.4,0.2851
1.2904,2,3.4,0.321
1.453,2,3.4,0.3569
1.6198,2,3.4,0.3928
1.7909,2,3.4,0.4287
1.9666,2,3.4,0.4645
2.147,2,3.4,0.5003
2.3321,2,3.4,0.5359
2.5222,2,3.4,0.5715
2.7173,2,3.4,0.6068
2.9176,2,3.4,0.6421
3.1234,2,3.4,0.6771
3.3347,2,3.4,0.7118
3.5517,2,3.4,0.7463
3.7746,2,3.4,0.7805
4.0036,2,3.4,0.8144
4.2388,2,3.4,0.8479
4.4805,2,3.4,0.8809
4.7288,2,3.4,0.9135
4.984,2,3.4,0.9456
5.2463,2,3.4,0.9771
5.5158,2,3.4,1.008
5.7929,2,3.4,1.0383
6.0777,2,3.4,1.0678
6.3705,2,3.4,1.0965
6.6715,2,3.4,1.1244
6.9811,2,3.4,1.1514
7.2995,2,3.4,1.1775
7.6269,2,3.4,1.2024
7.9636,2,3.4,1.2263
8.31,2,3.4,1.2489
8.6664,2,3.4,1.2702
9.0331,2,3.4,1.2902
9.4103,2,3.4,1.3087
9.7986,2,3.4,1.3256
10.1981,2,3.4,1.3408
10.6093,2,3.4,1.3542
11.0327,2,3.4,1.3657
11.4685,2,3.4,1.3752
11.9171,2,3.4,1.3825
12.3792,2,3.4,1.3875
12.8549,2,3.4,1.3901
0,2,3.6,0
0.1528,2,3.6,0.0463
0.3101,2,3.6,0.0929
0.472,2,3.6,0.1399
0.6386,2,3.6,0.1871
0.8102,2,3.6,0.2346
0.9868,2,3.6,0.2824
1.1687,2,3.6,0.3304
1.3559,2,3.6,0.3786
1.5488,2,3.6,0.4271
1.7475,2,3.6,0.4758
1.9522,2,3.6,0.5246
2.1631,2,3.6,0.5736
2.3804,2,3.6,0.6226
2.6043,2,3.6,0.6718
2.835,2,3.6,0.721
3.0729,2,3.6,0.7702
3.318,2,3.6,0.8195
3.5708,2,3.6,0.8686
3.8314,2,3.6,0.9177
4.1001,2,3.6,0.9666
4.3772,2,3.6,1.0154
4.663,2,3.6,1.0639
4.9578,2,3.6,1.1121
5.2619,2,3.6,1.1599
5.5757,2,3.6,1.2074
5.8994,2,3.6,1.2544
6.2335,2,3.6,1.3008
6.5783,2,3.6,1.3466
6.9343,2,3.6,1.3917
7.3017,2,3.6,1.4361
7.681,2,3.6,1.4795
8.0727,2,3.6,1.522
8.4772,2,3.6,1.5635
8.895,2,3.6,1.6037
9.3265,2,3.6,1.6427
9.7723,2,3.6,1.6802
10.2329,2,3.6,1.7163
10.7088,2,3.6,1.7506
11.2007,2,3.6,1.7831
11.709,2,3.6,1.8137
12.2345,2,3.6,1.8421
12.7778,2,3.6,1.8682
13.3396,2,3.6,1.8919
13.9205,2,3.6,1.9128
14.5214,2,3.6,1.9308
15.1429,2,3.6,1.9458
15.7858,2,3.6,1.9573
16.4511,2,3.6,1.9653
17.1396,2,3.6,1.9695
0,2,3.8,0
0.1771,2,3.8,0.0587
0.36,2,3.8,0.118
0.549,2,3.8,0.1779
0.7442,2,3.8,0.2383
0.946,2,3.8,0.2994
1.1544,2,3.8,0.361
1.3699,2,3.8,0.4231
1.5926,2,3.8,0.4858
1.8229,2,3.8,0.5489
2.0609,2,3.8,0.6126
2.3071,2,3.8,0.6766
2.5617,2,3.8,0.7411
2.8251,2,3.8,0.806
3.0975,2,3.8,0.8713
3.3794,2,3.8,0.9369
3.6711,2,3.8,1.0027
3.9729,2,3.8,1.0688
4.2853,2,3.8,1.135
4.6087,2,3.8,1.2014
4.9435,2,3.8,1.2678
5.2902,2,3.8,1.3343
5.6492,2,3.8,1.4006
6.0211,2,3.8,1.4669
6.4063,2,3.8,1.5329
6.8053,2,3.8,1.5986
7.2188,2,3.8,1.664
7.6473,2,3.8,1.7288
8.0915,2,3.8,1.7931
8.5518,2,3.8,1.8566
9.0291,2,3.8,1.9193
9.5241,2,3.8,1.981
10.0373,2,3.8,2.0416
10.5697,2,3.8,2.1009
11.122,2,3.8,2.1589
11.695,2,3.8,2.2152
12.2896,2,3.8,2.2697
12.9067,2,3.8,2.3222
13.5473,2,3.8,2.3725
14.2124,2,3.8,2.4203
14.903,2,3.8,2.4655
15.6202,2,3.8,2.5077
16.3651,2,3.8,2.5466
17.139,2,3.8,2.582
17.9432,2,3.8,2.6135
18.7789,2,3.8,2.6408
19.6475,2,3.8,2.6635
20.5506,2,3.8,2.6812
21.4896,2,3.8,2.6935
22.4661,2,3.8,2.6999
0,2,4,0
0.202,2,4,0.0723
0.4114,2,4,0.1457
0.6285,2,4,0.22
0.8537,2,4,0.2953
1.0871,2,4,0.3716
1.3292,2,4,0.4488
1.5804,2,4,0.527
1.841,2,4,0.6061
2.1114,2,4,0.6861
2.392,2,4,0.767
2.6833,2,4,0.8488
2.9856,2,4,0.9314
3.2996,2,4,1.0148
3.6256,2,4,1.099
3.9642,2,4,1.1839
4.316,2,4,1.2694
4.6814,2,4,1.3556
5.0611,2,4,1.4423
5.4557,2,4,1.5296
5.8659,2,4,1.6172
6.2923,2,4,1.7052
6.7357,2,4,1.7935
7.1968,2,4,1.8819
7.6764,2,4,1.9704
8.1753,2,4,2.0589
8.6944,2,4,2.1471
9.2346,2,4,2.2351
9.7968,2,4,2.3226
10.3821,2,4,2.4095
10.9915,2,4,2.4956
11.6262,2,4,2.5807
12.2872,2,4,2.6647
12.9758,2,4,2.7472
13.6933,2,4,2.8281
14.4411,2,4,2.9071
15.2206,2,4,2.9839
16.0332,2,4,3.0583
16.8806,2,4,3.1298
17.7644,2,4,3.1982
18.6863,2,4,3.263
19.6483,2,4,3.3238
20.6522,2,4,3.3803
21.7002,2,4,3.4318
22.7943,2,4,3.4779
23.9369,2,4,3.518
25.1304,2,4,3.5515
26.3773,2,4,3.5777
27.6802,2,4,3.596
29.0421,2,4,3.6056
0,2,4.2,0
0.2274,2,4.2,0.0872
0.464,2,4.2,0.1759
0.71,2,4.2,0.266
0.9661,2,4.2,0.3577
1.2326,2,4.2,0.4508
1.5099,2,4.2,0.5454
1.7987,2,4.2,0.6415
2.0994,2,4.2,0.7391
2.4125,2,4.2,0.8381
2.7386,2,4.2,0.9386
3.0784,2,4.2,1.0405
3.4325,2,4.2,1.1438
3.8014,2,4.2,1.2485
4.186,2,4.2,1.3545
4.587,2,4.2,1.4618
5.005,2,4.2,1.5704
5.4411,2,4.2,1.6801
5.8959,2,4.2,1.791
6.3704,2,4.2,1.9029
6.8656,2,4.2,2.0158
7.3823,2,4.2,2.1296
7.9218,2,4.2,2.2441
8.4851,2,4.2,2.3593
9.0733,2,4.2,2.475
9.6877,2,4.2,2.5912
10.3297,2,4.2,2.7075
11.0004,2,4.2,2.8239
11.7015,2,4.2,2.9402
12.4344,2,4.2,3.0562
13.2007,2,4.2,3.1715
14.0021,2,4.2,3.2861
14.8404,2,4.2,3.3995
15.7176,2,4.2,3.5115
16.6356,2,4.2,3.6218
17.5966,2,4.2,3.73
18.6027,2,4.2,3.8356
19.6564,2,4.2,3.9383
20.7601,2,4.2,4.0375
21.9166,2,4.2,4.1328
23.1287,2,4.2,4.2235
24.3993,2,4.2,4.3091
25.7316,2,4.2,4.3888
27.129,2,4.2,4.4619
28.595,2,4.2,4.5277
30.1334,2,4.2,4.5852
31.7483,2,4.2,4.6335
33.4438,2,4.2,4.6715
35.1811,2,4.2,4.6975
36.6455,2,4.2,4.7084
0,2,4.4,0
0.2527,2,4.4,0.103
0.5165,2,4.4,0.208
0.7919,2,4.4,0.3151
1.0793,2,4.4,0.4243
1.3796,2,4.4,0.5357
1.6931,2,4.4,0.6492
2.0207,2,4.4,0.7649
2.363,2,4.4,0.8828
2.7208,2,4.4,1.0028
3.0947,2,4.4,1.125
3.4857,2,4.4,1.2493
3.8946,2,4.4,1.3757
4.3222,2,4.4,1.5043
4.7696,2,4.4,1.635
5.2378,2,4.4,1.7678
5.7278,2,4.4,1.9025
6.2407,2,4.4,2.0393
6.7777,2,4.4,2.1779
7.3401,2,4.4,2.3183
7.9293,2,4.4,2.4605
8.5466,2,4.4,2.6044
9.1935,2,4.4,2.7497
9.8715,2,4.4,2.8965
10.5825,2,4.4,3.0445
11.3281,2,4.4,3.1936
12.1101,2,4.4,3.3436
12.9307,2,4.4,3.4942
13.7918,2,4.4,3.6453
14.6958,2,4.4,3.7965
15.6449,2,4.4,3.9477
16.6418,2,4.4,4.0983
17.689,2,4.4,4.2481
18.7895,2,4.4,4.3967
19.9461,2,4.4,4.5436
21.1622,2,4.4,4.6883
22.4412,2,4.4,4.8302
23.7866,2,4.4,4.9688
25.2024,2,4.4,5.1033
26.6926,2,4.4,5.233
28.2616,2,4.4,5.3571
29.9142,2,4.4,5.4747
31.6552,2,4.4,5.5848
33.49,2,4.4,5.6863
35.4242,2,4.4,5.778
37.464,2,4.4,5.8586
39.3122,2,4.4,5.917
41.1173,2,4.4,5.9597
43.0277,2,4.4,5.9899
45.0494,2,4.4,6.0058
0,2,4.6,0
0.2779,2,4.6,0.1195
0.5688,2,4.6,0.2418
0.8735,2,4.6,0.3669
1.1927,2,4.6,0.4948
1.5272,2,4.6,0.6257
1.8777,2,4.6,0.7595
2.2451,2,4.6,0.8963
2.6304,2,4.6,1.0361
3.0344,2,4.6,1.1789
3.4581,2,4.6,1.3248
3.9027,2,4.6,1.4738
4.3693,2,4.6,1.6258
4.8591,2,4.6,1.7809
5.3733,2,4.6,1.939
5.9133,2,4.6,2.1002
6.4805,2,4.6,2.2644
7.0765,2,4.6,2.4316
7.7028,2,4.6,2.6017
8.3611,2,4.6,2.7747
9.0533,2,4.6,2.9505
9.7813,2,4.6,3.1289
10.5472,2,4.6,3.3099
11.3531,2,4.6,3.4933
12.2013,2,4.6,3.679
13.0943,2,4.6,3.8667
14.0348,2,4.6,4.0563
15.0255,2,4.6,4.2475
16.0694,2,4.6,4.44
17.1697,2,4.6,4.6335
18.3297,2,4.6,4.8276
19.5532,2,4.6,5.0218
20.8439,2,4.6,5.2158
22.206,2,4.6,5.409
23.6439,2,4.6,5.6009
25.1622,2,4.6,5.7906
26.766,2,4.6,5.9775
28.4607,2,4.6,6.1609
30.2521,2,4.6,6.3396
32.1462,2,4.6,6.5128
34.1498,2,4.6,6.6792
36.2698,2,4.6,6.8377
38.5139,2,4.6,6.9867
40.8903,2,4.6,7.1247
42.9936,2,4.6,7.2294
45.1402,2,4.6,7.3184
47.4211,2,4.6,7.3941
49.8445,2,4.6,7.4543
52.4194,2,4.6,7.497
55.1556,2,4.6,7.5197
0,2,4.8,0
0.3027,2,4.8,0.1367
0.6206,2,4.8,0.277
0.9546,2,4.8,0.4209
1.3057,2,4.8,0.5686
1.6747,2,4.8,0.7201
2.0627,2,4.8,0.8754
2.4708,2,4.8,1.0348
2.9001,2,4.8,1.1981
3.3517,2,4.8,1.3655
3.8271,2,4.8,1.537
4.3276,2,4.8,1.7127
4.8546,2,4.8,1.8926
5.4097,2,4.8,2.0767
5.9945,2,4.8,2.2651
6.6108,2,4.8,2.4578
7.2605,2,4.8,2.6547
7.9455,2,4.8,2.8559
8.668,2,4.8,3.0613
9.4302,2,4.8,3.2709
10.2345,2,4.8,3.4846
11.0836,2,4.8,3.7024
11.9802,2,4.8,3.9241
12.9272,2,4.8,4.1495
13.9278,2,4.8,4.3786
14.9853,2,4.8,4.6111
16.1033,2,4.8,4.8468
17.2856,2,4.8,5.0853
18.5364,2,4.8,5.3264
19.8601,2,4.8,5.5698
21.2613,2,4.8,5.8148
22.7452,2,4.8,6.0611
24.3172,2,4.8,6.3081
25.9831,2,4.8,6.555
27.7492,2,4.8,6.8012
29.6222,2,4.8,7.0458
31.6093,2,4.8,7.2878
33.7182,2,4.8,7.5261
35.9574,2,4.8,7.7596
38.3359,2,4.8,7.9867
40.8633,2,4.8,8.2061
43.5501,2,4.8,8.4158
46.0431,2,4.8,8.5887
48.5136,2,4.8,8.7386
51.1487,2,4.8,8.8756
53.9593,2,4.8,8.9973
56.9575,2,4.8,9.1012
60.1564,2,4.8,9.1843
63.5698,2,4.8,9.2434
67.2132,2,4.8,9.2749
0,2,5,0
0.3271,2,5,0.1544
0.6718,2,5,0.3133
1.035,2,5,0.4769
1.4179,2,5,0.6452
1.8217,2,5,0.8183
2.2477,2,5,0.9964
2.697,2,5,1.1796
3.1713,2,5,1.3679
3.6719,2,5,1.5615
4.2006,2,5,1.7605
4.7589,2,5,1.965
5.3489,2,5,2.175
5.9723,2,5,2.3907
6.6314,2,5,2.6121
7.3283,2,5,2.8392
8.0655,2,5,3.0721
8.8455,2,5,3.3108
9.671,2,5,3.5554
10.5451,2,5,3.8059
11.4708,2,5,4.0621
12.4515,2,5,4.3241
13.4908,2,5,4.5917
14.5927,2,5,4.8649
15.7612,2,5,5.1434
17.0008,2,5,5.4272
18.3164,2,5,5.7159
19.7131,2,5,6.0092
21.1965,2,5,6.3069
22.7724,2,5,6.6084
24.4475,2,5,6.9132
26.2285,2,5,7.2208
28.123,2,5,7.5305
30.139,2,5,7.8414
32.2852,2,5,8.1526
34.5711,2,5,8.4631
37.0067,2,5,8.7717
39.603,2,5,9.0769
42.3719,2,5,9.3771
45.3263,2,5,9.6706
48.3335,2,5,9.942
51.0926,2,5,10.166
54.0464,2,5,10.3791
57.209,2,5,10.5786
60.5955,2,5,10.7617
64.2225,2,5,10.925
68.1079,2,5,11.065
72.2714,2,5,11.1774
76.7344,2,5,11.2578
81.5202,2,5,11.3009
0,2,5.2,0
0.3511,2,5.2,0.1726
0.7221,2,5.2,0.3507
1.1144,2,5.2,0.5345
1.5291,2,5.2,0.7241
1.9678,2,5.2,0.9198
2.4319,2,5.2,1.1217
2.9231,2,5.2,1.3299
3.4431,2,5.2,1.5446
3.9938,2,5.2,1.766
4.5772,2,5.2,1.9943
5.1953,2,5.2,2.2295
5.8504,2,5.2,2.4718
6.545,2,5.2,2.7214
7.2818,2,5.2,2.9785
8.0634,2,5.2,3.243
8.893,2,5.2,3.5151
9.7738,2,5.2,3.795
10.7091,2,5.2,4.0827
11.7029,2,5.2,4.3782
12.7591,2,5.2,4.6816
13.8819,2,5.2,4.9928
15.0762,2,5.2,5.3119
16.3469,2,5.2,5.6387
17.6994,2,5.2,5.9731
19.1395,2,5.2,6.315
20.6735,2,5.2,6.6641
22.3084,2,5.2,7.0202
24.0513,2,5.2,7.3828
25.9102,2,5.2,7.7515
27.8938,2,5.2,8.1258
30.0113,2,5.2,8.5048
32.2728,2,5.2,8.888
34.6893,2,5.2,9.2743
37.2725,2,5.2,9.6625
40.0354,2,5.2,10.0514
42.9919,2,5.2,10.4396
46.1572,2,5.2,10.8251
49.5477,2,5.2,11.2061
52.7778,2,5.2,11.5385
55.9975,2,5.2,11.8396
59.4573,2,5.2,12.1306
63.1754,2,5.2,12.4084
67.1722,2,5.2,12.6697
71.4696,2,5.2,12.9103
76.0918,2,5.2,13.126
81.0653,2,5.2,13.3115
86.419,2,5.2,13.4613
92.1848,2,5.2,13.5688
98.3975,2,5.2,13.6268
0,2.2,3.4,0
0.1145,2.2,3.4,0.0256
0.2314,2.2,3.4,0.0511
0.3509,2.2,3.4,0.0767
0.4729,2.2,3.4,0.1022
0.5975,2.2,3.4,0.1277
0.7249,2.2,3.4,0.1532
0.855,2.2,3.4,0.1786
0.9879,2.2,3.4,0.2039
1.1238,2.2,3.4,0.2291
1.2626,2.2,3.4,0.2543
1.4045,2.2,3.4,0.2794
1.5495,2.2,3.4,0.3043
1.6976,2.2,3.4,0.3291
1.8491,2.2,3.4,0.3538
2.0039,2.2,3.4,0.3783
2.1622,2.2,3.4,0.4026
2.324,2.2,3.4,0.4267
2.4894,2.2,3.4,0.4506
2.6585,2.2,3.4,0.4743
2.8315,2.2,3.4,0.4977
3.0083,2.2,3.4,0.5208
3.1891,2.2,3.4,0.5436
3.374,2.2,3.4,0.5661
3.5631,2.2,3.4,0.5883
3.7566,2.2,3.4,0.61
3.9544,2.2,3.4,0.6314
4.1568,2.2,3.4,0.6523
4.3638,2.2,3.4,0.6728
4.5756,2.2,3.4,0.6928
4.7923,2.2,3.4,0.7123
5.0141,2.2,3.4,0.7313
5.2409,2.2,3.4,0.7496
5.4731,2.2,3.4,0.7673
5.7106,2.2,3.4,0.7844
5.9538,2.2,3.4,0.8008
6.2026,2.2,3.4,0.8164
6.4574,2.2,3.4,0.8313
6.7181,2.2,3.4,0.8453
6.985,2.2,3.4,0.8585
7.2583,2.2,3.4,0.8708
7.538,2.2,3.4,0.8821
7.8245,2.2,3.4,0.8923
8.1178,2.2,3.4,0.9015
8.4182,2.2,3.4,0.9096
8.7258,2.2,3.4,0.9165
9.0409,2.2,3.4,0.9222
9.3636,2.2,3.4,0.9265
9.6941,2.2,3.4,0.9295
10.0327,2.2,3.4,0.931
0,2.2,3.6,0
0.1388,2.2,3.6,0.0351
0.281,2.2,3.6,0.0702
0.4268,2.2,3.6,0.1055
0.5764,2.2,3.6,0.1409
0.7297,2.2,3.6,0.1763
0.8869,2.2,3.6,0.2119
1.0481,2.2,3.6,0.2474
1.2134,2.2,3.6,0.283
1.383,2.2,3.6,0.3187
1.5569,2.2,3.6,0.3543
1.7353,2.2,3.6,0.3899
1.9183,2.2,3.6,0.4255
2.1061,2.2,3.6,0.461
2.2987,2.2,3.6,0.4964
2.4964,2.2,3.6,0.5317
2.6993,2.2,3.6,0.5669
2.9075,2.2,3.6,0.6019
3.1211,2.2,3.6,0.6367
3.3404,2.2,3.6,0.6714
3.5656,2.2,3.6,0.7057
3.7967,2.2,3.6,0.7398
4.0339,2.2,3.6,0.7736
4.2775,2.2,3.6,0.807
4.5277,2.2,3.6,0.8401
4.7846,2.2,3.6,0.8727
5.0484,2.2,3.6,0.9048
5.3193,2.2,3.6,0.9364
5.5976,2.2,3.6,0.9675
5.8835,2.2,3.6,0.9979
6.1772,2.2,3.6,1.0277
6.479,2.2,3.6,1.0567
6.789,2.2,3.6,1.085
7.1077,2.2,3.6,1.1124
7.4351,2.2,3.6,1.1389
7.7716,2.2,3.6,1.1645
8.1175,2.2,3.6,1.189
8.4731,2.2,3.6,1.2124
8.8387,2.2,3.6,1.2345
9.2145,2.2,3.6,1.2554
9.6009,2.2,3.6,1.275
9.9983,2.2,3.6,1.2931
10.407,2.2,3.6,1.3096
10.8274,2.2,3.6,1.3244
11.2597,2.2,3.6,1.3375
11.7045,2.2,3.6,1.3488
12.1622,2.2,3.6,1.358
12.633,2.2,3.6,1.3652
13.1175,2.2,3.6,1.3701
13.6161,2.2,3.6,1.3726
0,2.2,3.8,0
0.1641,2.2,3.8,0.046
0.3329,2.2,3.8,0.0923
0.5066,2.2,3.8,0.1389
0.6854,2.2,3.8,0.1858
0.8693,2.2,3.8,0.2329
1.0586,2.2,3.8,0.2803
1.2534,2.2,3.8,0.3279
1.4539,2.2,3.8,0.3758
1.6603,2.2,3.8,0.4238
1.8728,2.2,3.8,0.472
2.0916,2.2,3.8,0.5204
2.3169,2.2,3.8,0.5688
2.5489,2.2,3.8,0.6174
2.7879,2.2,3.8,0.666
3.034,2.2,3.8,0.7147
3.2876,2.2,3.8,0.7633
3.5487,2.2,3.8,0.8119
3.8179,2.2,3.8,0.8605
4.0951,2.2,3.8,0.9089
4.3809,2.2,3.8,0.9572
4.6754,2.2,3.8,1.0052
4.9789,2.2,3.8,1.053
5.2918,2.2,3.8,1.1005
5.6144,2.2,3.8,1.1476
5.9469,2.2,3.8,1.1942
6.2899,2.2,3.8,1.2404
6.6435,2.2,3.8,1.286
7.0083,2.2,3.8,1.331
7.3845,2.2,3.8,1.3752
7.7726,2.2,3.8,1.4187
8.173,2.2,3.8,1.4613
8.5862,2.2,3.8,1.5029
9.0125,2.2,3.8,1.5434
9.4525,2.2,3.8,1.5828
9.9066,2.2,3.8,1.6209
10.3755,2.2,3.8,1.6575
10.8594,2.2,3.8,1.6927
11.3592,2.2,3.8,1.7262
11.8752,2.2,3.8,1.7579
12.4082,2.2,3.8,1.7876
12.9587,2.2,3.8,1.8153
13.5274,2.2,3.8,1.8407
14.1149,2.2,3.8,1.8636
14.7219,2.2,3.8,1.8839
15.3493,2.2,3.8,1.9014
15.9977,2.2,3.8,1.9159
16.6679,2.2,3.8,1.9271
17.3608,2.2,3.8,1.9348
18.0772,2.2,3.8,1.9388
0,2.2,4,0
0.1904,2.2,4,0.0583
0.3869,2.2,4,0.1172
0.5898,2.2,4,0.1766
0.7993,2.2,4,0.2366
1.0157,2.2,4,0.2972
1.2392,2.2,4,0.3583
1.47,2.2,4,0.4199
1.7084,2.2,4,0.482
1.9548,2.2,4,0.5445
2.2094,2.2,4,0.6075
2.4724,2.2,4,0.6709
2.7443,2.2,4,0.7347
3.0253,2.2,4,0.7988
3.3158,2.2,4,0.8633
3.6161,2.2,4,0.928
3.9267,2.2,4,0.993
4.2478,2.2,4,1.0581
4.5799,2.2,4,1.1234
4.9235,2.2,4,1.1887
5.2789,2.2,4,1.2541
5.6466,2.2,4,1.3195
6.027,2.2,4,1.3847
6.4208,2.2,4,1.4498
6.8283,2.2,4,1.5146
7.2502,2.2,4,1.579
7.687,2.2,4,1.643
8.1392,2.2,4,1.7065
8.6075,2.2,4,1.7694
9.0925,2.2,4,1.8315
9.5949,2.2,4,1.8927
10.1154,2.2,4,1.953
10.6547,2.2,4,2.0121
11.2136,2.2,4,2.0699
11.7928,2.2,4,2.1263
12.3932,2.2,4,2.181
13.0156,2.2,4,2.234
13.661,2.2,4,2.285
14.3303,2.2,4,2.3338
15.0245,2.2,4,2.3802
15.7447,2.2,4,2.4239
16.4918,2.2,4,2.4647
17.2671,2.2,4,2.5024
18.0717,2.2,4,2.5365
18.9069,2.2,4,2.567
19.774,2.2,4,2.5933
20.6743,2.2,4,2.6151
21.6093,2.2,4,2.6321
22.5804,2.2,4,2.6439
23.5894,2.2,4,2.65
0,2.2,4.2,0
0.2174,2.2,4.2,0.0719
0.4426,2.2,4.2,0.1448
0.6759,2.2,4.2,0.2186
0.9177,2.2,4.2,0.2933
1.1682,2.2,4.2,0.369
1.4278,2.2,4.2,0.4456
1.697,2.2,4.2,0.523
1.976,2.2,4.2,0.6014
2.2653,2.2,4.2,0.6806
2.5653,2.2,4.2,0.7606
2.8764,2.2,4.2,0.8415
3.1992,2.2,4.2,0.9231
3.534,2.2,4.2,1.0054
3.8813,2.2,4.2,1.0885
4.2418,2.2,4.2,1.1722
4.6159,2.2,4.2,1.2565
5.0042,2.2,4.2,1.3413
5.4073,2.2,4.2,1.4266
5.8259,2.2,4.2,1.5124
6.2605,2.2,4.2,1.5985
6.7119,2.2,4.2,1.6849
7.1809,2.2,4.2,1.7714
7.668,2.2,4.2,1.858
8.1742,2.2,4.2,1.9447
8.7003,2.2,4.2,2.0312
9.2471,2.2,4.2,2.1174
9.8156,2.2,4.2,2.2033
10.4066,2.2,4.2,2.2886
11.0213,2.2,4.2,2.3733
11.6606,2.2,4.2,2.4571
12.3256,2.2,4.2,2.5399
13.0175,2.2,4.2,2.6215
13.7376,2.2,4.2,2.7016
14.487,2.2,4.2,2.78
15.2671,2.2,4.2,2.8565
16.0794,2.2,4.2,2.9309
16.9253,2.2,4.2,3.0027
17.8063,2.2,4.2,3.0718
18.7242,2.2,4.2,3.1377
19.6805,2.2,4.2,3.2001
20.6772,2.2,4.2,3.2587
21.7161,2.2,4.2,3.3129
22.7993,2.2,4.2,3.3624
23.9288,2.2,4.2,3.4066
25.1068,2.2,4.2,3.445
26.3358,2.2,4.2,3.477
27.6181,2.2,4.2,3.5021
28.9564,2.2,4.2,3.5195
30.3535,2.2,4.2,3.5286
0,2.2,4.4,0
0.245,2.2,4.4,0.0867
0.4997,2.2,4.4,0.1748
0.7644,2.2,4.4,0.2644
1.0396,2.2,4.4,0.3554
1.3258,2.2,4.4,0.4478
1.6234,2.2,4.4,0.5416
1.933,2.2,4.4,0.6369
2.255,2.2,4.4,0.7335
2.5901,2.2,4.4,0.8315
2.9388,2.2,4.4,0.9309
3.3017,2.2,4.4,1.0316
3.6794,2.2,4.4,1.1336
4.0727,2.2,4.4,1.2369
4.4822,2.2,4.4,1.3414
4.9087,2.2,4.4,1.4471
5.353,2.2,4.4,1.5539
5.8158,2.2,4.4,1.6618
6.2981,2.2,4.4,1.7708
6.8007,2.2,4.4,1.8806
7.3246,2.2,4.4,1.9913
7.8708,2.2,4.4,2.1027
8.4403,2.2,4.4,2.2148
9.0342,2.2,4.4,2.3275
9.6538,2.2,4.4,2.4405
10.3001,2.2,4.4,2.5538
10.9746,2.2,4.4,2.6672
11.6786,2.2,4.4,2.7806
12.4135,2.2,4.4,2.8937
13.1808,2.2,4.4,3.0063
13.9821,2.2,4.4,3.1183
14.8191,2.2,4.4,3.2293
15.6935,2.2,4.4,3.3391
16.6073,2.2,4.4,3.4474
17.5623,2.2,4.4,3.5539
18.5608,2.2,4.4,3.6583
19.6048,2.2,4.4,3.76
20.6967,2.2,4.4,3.8588
21.839,2.2,4.4,3.9542
23.0342,2.2,4.4,4.0456
24.2851,2.2,4.4,4.1326
25.5946,2.2,4.4,4.2145
26.9658,2.2,4.4,4.2907
28.4019,2.2,4.4,4.3606
29.9064,2.2,4.4,4.4233
31.4829,2.2,4.4,4.478
33.1354,2.2,4.4,4.5239
34.8678,2.2,4.4,4.56
36.6845,2.2,4.4,4.5852
38.1639,2.2,4.4,4.5955
0,2.2,4.6,0
0.2727,2.2,4.6,0.1025
0.557,2.2,4.6,0.2069
0.8535,2.2,4.6,0.3134
1.1628,2.2,4.6,0.4219
1.4855,2.2,4.6,0.5324
1.8222,2.2,4.6,0.6451
2.1735,2.2,4.6,0.7597
2.5403,2.2,4.6,0.8764
2.9232,2.2,4.6,0.9952
3.323,2.2,4.6,1.116
3.7406,2.2,4.6,1.2388
4.1768,2.2,4.6,1.3636
4.6325,2.2,4.6,1.4904
5.1086,2.2,4.6,1.6192
5.6063,2.2,4.6,1.7498
6.1266,2.2,4.6,1.8823
6.6705,2.2,4.6,2.0166
7.2394,2.2,4.6,2.1527
7.8344,2.2,4.6,2.2903
8.4568,2.2,4.6,2.4296
9.1082,2.2,4.6,2.5703
9.7899,2.2,4.6,2.7123
10.5036,2.2,4.6,2.8555
11.2509,2.2,4.6,2.9998
12.0335,2.2,4.6,3.1449
12.8534,2.2,4.6,3.2908
13.7124,2.2,4.6,3.4371
14.6126,2.2,4.6,3.5836
15.5564,2.2,4.6,3.7301
16.5459,2.2,4.6,3.8764
17.5836,2.2,4.6,4.0219
18.6723,2.2,4.6,4.1665
19.8145,2.2,4.6,4.3097
21.0134,2.2,4.6,4.451
22.2721,2.2,4.6,4.5901
23.5938,2.2,4.6,4.7263
24.982,2.2,4.6,4.8591
26.4406,2.2,4.6,4.9878
27.9735,2.2,4.6,5.1118
29.585,2.2,4.6,5.2302
31.2795,2.2,4.6,5.3422
33.0619,2.2,4.6,5.4469
34.9372,2.2,4.6,5.5433
36.9109,2.2,4.6,5.6302
38.9888,2.2,4.6,5.7064
40.9058,2.2,4.6,5.7627
42.7123,2.2,4.6,5.8025
44.6217,2.2,4.6,5.8305
46.6397,2.2,4.6,5.8453
0,2.2,4.8,0
0.3002,2.2,4.8,0.119
0.6142,2.2,4.8,0.2407
0.9427,2.2,4.8,0.3651
1.2864,2.2,4.8,0.4923
1.6462,2.2,4.8,0.6223
2.0228,2.2,4.8,0.755
2.4172,2.2,4.8,0.8907
2.8301,2.2,4.8,1.0291
3.2627,2.2,4.8,1.1705
3.7159,2.2,4.8,1.3147
4.1907,2.2,4.8,1.4618
4.6884,2.2,4.8,1.6118
5.2102,2.2,4.8,1.7647
5.7573,2.2,4.8,1.9204
6.331,2.2,4.8,2.079
6.9329,2.2,4.8,2.2403
7.5644,2.2,4.8,2.4044
8.2271,2.2,4.8,2.5712
8.9228,2.2,4.8,2.7405
9.6533,2.2,4.8,2.9124
10.4204,2.2,4.8,3.0867
11.2262,2.2,4.8,3.2633
12.073,2.2,4.8,3.4419
12.9629,2.2,4.8,3.6226
13.8984,2.2,4.8,3.805
14.8821,2.2,4.8,3.989
15.9168,2.2,4.8,4.1743
17.0054,2.2,4.8,4.3605
18.151,2.2,4.8,4.5475
19.3569,2.2,4.8,4.7348
20.6267,2.2,4.8,4.922
21.9642,2.2,4.8,5.1086
23.3733,2.2,4.8,5.2942
24.8583,2.2,4.8,5.4782
26.4239,2.2,4.8,5.6599
28.0748,2.2,4.8,5.8386
29.8163,2.2,4.8,6.0136
31.6539,2.2,4.8,6.1839
33.5935,2.2,4.8,6.3487
35.6416,2.2,4.8,6.5068
37.8049,2.2,4.8,6.657
40.0906,2.2,4.8,6.798
42.5065,2.2,4.8,6.9284
44.6682,2.2,4.8,7.0284
46.8127,2.2,4.8,7.1111
49.0879,2.2,4.8,7.1812
51.5016,2.2,4.8,7.237
54.0622,2.2,4.8,7.2764
56.7786,2.2,4.8,7.2974
0,2.2,5,0
0.3274,2.2,5,0.1363
0.671,2.2,5,0.276
1.0315,2.2,5,0.4193
1.41,2.2,5,0.5661
1.8073,2.2,5,0.7166
2.2245,2.2,5,0.8709
2.6628,2.2,5,1.0289
3.1232,2.2,5,1.1907
3.607,2.2,5,1.3564
4.1155,2.2,5,1.526
4.65,2.2,5,1.6995
5.2122,2.2,5,1.877
5.8034,2.2,5,2.0585
6.4254,2.2,5,2.2439
7.08,2.2,5,2.4333
7.769,2.2,5,2.6267
8.4943,2.2,5,2.8239
9.2582,2.2,5,3.0251
10.0629,2.2,5,3.2302
10.9107,2.2,5,3.4389
11.8043,2.2,5,3.6513
12.7464,2.2,5,3.8673
13.7398,2.2,5,4.0866
14.7877,2.2,5,4.3091
15.8935,2.2,5,4.5347
17.0605,2.2,5,4.7629
18.2927,2.2,5,4.9936
19.5939,2.2,5,5.2264
20.9687,2.2,5,5.461
22.4214,2.2,5,5.6969
23.9572,2.2,5,5.9336
25.5812,2.2,5,6.1705
27.2991,2.2,5,6.407
29.1171,2.2,5,6.6424
31.0414,2.2,5,6.8758
33.0792,2.2,5,7.1064
35.2379,2.2,5,7.333
37.5256,2.2,5,7.5547
39.9507,2.2,5,7.7699
42.5227,2.2,5,7.9773
45.2514,2.2,5,8.1753
47.8042,2.2,5,8.3399
50.2698,2.2,5,8.4789
52.8953,2.2,5,8.6058
55.6909,2.2,5,8.7184
58.6679,2.2,5,8.8142
61.8383,2.2,5,8.8908
65.2149,2.2,5,8.9451
68.812,2.2,5,8.9741
0,2.2,5.2,0
0.3544,2.2,5.2,0.1541
0.7273,2.2,5.2,0.3125
1.1198,2.2,5.2,0.4754
1.533,2.2,5.2,0.6429
1.9682,2.2,5.2,0.8151
2.4266,2.2,5.2,0.992
2.9096,2.2,5.2,1.1737
3.4185,2.2,5.2,1.3604
3.955,2.2,5.2,1.5521
4.5206,2.2,5.2,1.7489
5.1172,2.2,5.2,1.9508
5.7465,2.2,5.2,2.158
6.4105,2.2,5.2,2.3705
7.1114,2.2,5.2,2.5884
7.8513,2.2,5.2,2.8116
8.6327,2.2,5.2,3.0402
9.4582,2.2,5.2,3.2741
10.3304,2.2,5.2,3.5135
11.2523,2.2,5.2,3.7583
12.2271,2.2,5.2,4.0083
13.258,2.2,5.2,4.2636
14.3487,2.2,5.2,4.524
15.5029,2.2,5.2,4.7894
16.7248,2.2,5.2,5.0596
18.0188,2.2,5.2,5.3344
19.3896,2.2,5.2,5.6136
20.8421,2.2,5.2,5.8967
22.382,2.2,5.2,6.1835
24.0149,2.2,5.2,6.4736
25.7472,2.2,5.2,6.7663
27.5856,2.2,5.2,7.0612
29.5372,2.2,5.2,7.3575
31.61,2.2,5.2,7.6544
33.8122,2.2,5.2,7.9511
36.153,2.2,5.2,8.2466
38.6419,2.2,5.2,8.5396
41.2897,2.2,5.2,8.8288
44.1074,2.2,5.2,9.1128
47.1075,2.2,5.2,9.3899
50.1889,2.2,5.2,9.6484
52.9419,2.2,5.2,9.8562
55.8841,2.2,5.2,10.0535
59.0283,2.2,5.2,10.2379
62.3886,2.2,5.2,10.4068
65.9803,2.2,5.2,10.5572
69.8201,2.2,5.2,10.6858
73.9261,2.2,5.2,10.789
78.3176,2.2,5.2,10.8625
83.0164,2.2,5.2,10.9018
